-181.208895 -192.622935
-202.828627 -101.70005
-172.378071 -88.298187
-152.130365 -93.844349
-133.730932 -113.306155
-155.651746 -138.151811
-189.135201 -139.078513
-244.959501 -111.046573
-217.28247 -43.316616
-211.429137 27.770425
-207.665172 81.410371
-185.649161 90.144456
-189.062172 104.285631
-215.113949 120.740679
-222.492322 169.033315
-240.249363 179.334919
-268.739142 143.276483
-287.058297 113.599823
-284.129027 107.252583
-248.169463 80.132237
-226.787625 2.658862
-184.0927 5.737284
-171.354954 25.463068
-147.363185 59.608175
-126.568914 106.964962
-84.6269 148.216494
-114.146166 190.615321
-153.13014 187.817274
-192.681053 174.522947
-201.485143 155.27483
-200.771246 147.741054
-157.423365 126.800331
-134.985023 132.944989
-120.386562 170.589454
8.64366 135.90743
16.573231 104.020979
40.897139 78.152317
54.551865 71.567133
56.389778 71.618509
57.555364 64.417343
55.434792 62.72916
3.152113 27.10389
-4.434919 33.164884
-18.316063 27.75586
-9.580869 -17.516639
-0.200936 -21.927663
47.011363 -30.88718
55.550895 -45.089968
34.959132 -106.842499
-17.356579 -125.254131
-47.266557 -66.984045
-46.403062 -13.755804
-48.354421 9.091412
-42.704691 37.679514
-27.911955 48.326745
-56.914543 92.501249
-13.030259 174.698005
34.079032 187.731112
54.766523 154.053847
53.436521 125.683201
74.8875 80.586458
129.024315 29.701695
158.552316 -19.254407
189.387028 -4.465225
205.717887 -24.976511
239.616628 -21.94416
296.911892 25.811569
271.301094 142.524086
221.808162 186.241012
170.514252 161.16985
169.990437 154.260412
148.108328 123.558283
126.799911 112.72728
120.375033 115.889661
100.043893 161.295125
95.947213 183.278211
130.854855 195.695082
217.218893 164.294928
216.691 156.31437
208.592696 136.61846
162.923138 117.465744
158.742184 62.618834
178.19836 37.031984
141.433472 -6.023095
135.781192 -13.05344
88.818853 -42.834512
68.910854 -82.123346
59.8272 -170.713714
217.599278 -189.258062
235.827007 -143.838844
275.793495 -129.415477
278.105364 -93.771765
276.276517 -49.448662
256.475967 -46.591418
224.599361 -34.798485
172.389228 -53.13327
126.904044 -80.733297
118.989764 -80.203583
106.599423 -107.433987
92.29804 -146.169487
