-187.485329 -177.031237
-191.216327 -162.689024
-154.225945 -135.522059
-107.196865 -77.792599
-126.569816 -30.645224
-139.74158 57.93668
-102.699992 95.632069
-97.391662 124.120512
-167.994506 138.195365
-194.986965 101.363745
-175.118239 77.842636
-100.569041 140.808607
-89.453831 162.237392
-55.091518 198.826966
102.223372 174.201904
154.870684 140.32766
121.661135 85.267672
100.006932 76.579303
85.04383 108.946389
73.689751 110.224271
64.559003 82.567627
83.005905 64.646774
102.909291 60.107868
121.392544 56.694081
172.836936 59.184233
245.415055 44.794067
289.298882 56.051342
277.821597 104.262606
255.134924 115.594915
246.621634 101.705861
231.944823 82.961057
228.929427 82.624982
175.677917 98.929343
151.432196 121.427337
132.794476 135.681392
120.906436 131.79881
96.781707 141.370805
49.091876 150.678826
21.067444 122.164599
20.21829 88.031173
56.716498 66.959624
58.019653 49.937906
58.71662 32.83593
81.740403 10.276251
155.341949 -20.252779
238.583388 -133.143524
245.020791 -167.448848
242.810288 -182.054289
202.34698 -189.069699
152.102728 -193.381252
46.674278 -193.090008
21.176627 -165.421555
-19.310012 -131.810965
-31.745416 -69.20796
-18.507391 -22.90527
14.005617 -14.015334
40.327635 19.216022
76.647124 -7.289705
112.833346 -38.057607
138.136997 -31.348808
155.405344 -56.437901
150.526118 -88.230057
187.669263 -122.655771
210.186432 -127.403563
221.028639 -139.435079
216.82592 -152.024123
157.588994 -144.200765
143.114152 -135.866707
134.692592 -102.152826
92.25582 -93.514104
64.943433 -119.784474
19.765322 -99.2364
-4.590656 -40.067226
-51.343758 -57.654823
-72.565291 -24.28182
-90.16019 -25.200829
-144.887799 -73.49541
-189.988471 -98.043874
-293.833463 -165.440105
-288.744132 -173.349893
