79.561752 8.362277
79.561752 -8.362277
76.084521 -24.72136
69.282032 -40.0
59.451586 -53.530449
47.02282 -64.72136
32.538931 -73.083637
16.632935 -78.251808
0.0 -80.0
-16.632935 -78.251808
-32.538931 -73.083637
-47.02282 -64.72136
-59.451586 -53.530449
-69.282032 -40.0
-76.084521 -24.72136
-79.561752 -8.362277
-79.561752 8.362277
-76.084521 24.72136
-69.282032 40.0
-59.451586 53.530449
-47.02282 64.72136
-32.538931 73.083637
-16.632935 78.251808
0.0 80.0
16.632935 78.251808
32.538931 73.083637
47.02282 64.72136
52.97718 64.72136
67.461069 73.083637
83.367065 78.251808
100.0 80.0
116.632935 78.251808
132.538931 73.083637
147.02282 64.72136
159.451586 53.530449
169.282032 40.0
176.084521 24.72136
179.561752 8.362277
179.561752 -8.362277
176.084521 -24.72136
169.282032 -40.0
159.451586 -53.530449
147.02282 -64.72136
132.538931 -73.083637
116.632935 -78.251808
100.0 -80.0
83.367065 -78.251808
67.461069 -73.083637
52.97718 -64.72136
40.548414 -53.530449
30.717968 -40.0
23.915479 -24.72136
20.438248 -8.362277
20.438248 8.362277
23.915479 24.72136
30.717968 40.0
40.548414 46.469551
59.451586 53.530449
69.282032 60.0
76.084521 75.27864
79.561752 91.637723
79.561752 108.362277
76.084521 124.72136
69.282032 140.0
59.451586 153.530449
47.02282 164.72136
32.538931 173.083637
16.632935 178.251808
0.0 180.0
-16.632935 178.251808
-32.538931 173.083637
-47.02282 164.72136
-59.451586 153.530449
-69.282032 140.0
-76.084521 124.72136
-79.561752 108.362277
-79.561752 91.637723
-76.084521 75.27864
-69.282032 60.0
-59.451586 46.469551
-47.02282 35.27864
-32.538931 26.916363
-16.632935 21.748192
0.0 20.0
16.632935 21.748192
32.538931 26.916363
47.02282 35.27864
52.97718 35.27864
67.461069 26.916363
76.084521 24.72136
83.367065 21.748192
100.0 20.0
116.632935 21.748192
132.538931 26.916363
147.02282 35.27864
159.451586 46.469551
169.282032 60.0
176.084521 75.27864
179.561752 91.637723
179.561752 108.362277
176.084521 124.72136
169.282032 140.0
159.451586 153.530449
147.02282 164.72136
132.538931 173.083637
116.632935 178.251808
100.0 180.0
83.367065 178.251808
67.461069 173.083637
52.97718 164.72136
40.548414 153.530449
30.717968 140.0
23.915479 124.72136
20.438248 108.362277
20.438248 91.637723
23.915479 75.27864
30.717968 60.0
40.548414 53.530449
59.451586 46.469551
69.282032 40.0
