437 1325
437 1325
437 1325
3 1325
3 438
438 1326
4 1326
4 1326
440 1326
5 1326
5 1326
5 442
5 442
5 1328
443 1328
6 443
443 1329
7 443
7 1330
444 1330
444 1330
9 1330
9 1330
9 446
446 1331
10 1331
10 1331
448 1331
11 1331
449 1331
12 449
449 1332
13 449
13 449
449 1334
14 449
449 1335
449 1335
16 1335
450 1335
17 450
450 1336
450 1336
19 1336
451 1336
20 451
451 1337
451 1337
22 1337
22 452
22 1338
22 453
453 1339
453 1339
453 1339
453 1339
453 1339
27 453
27 453
453 1341
28 1341
28 454
454 1342
29 454
29 1343
29 1343
29 1343
29 1343
29 1343
29 1343
460 1343
460 1343
460 1343
32 1343
32 1343
462 1343
33 1343
33 1343
464 1343
34 1343
465 1343
465 1343
36 1343
36 466
466 1344
466 1344
466 1344
39 1344
39 1344
39 468
39 468
468 1346
40 468
40 1347
40 1347
470 1347
41 1347
41 1347
472 1347
42 472
42 472
472 1349
43 472
43 472
43 472
472 1352
472 1352
45 1352
45 1352
45 1352
475 1352
46 475
46 1353
46 1353
46 477
46 477
46 1355
46 1355
46 479
479 1356
47 479
479 1357
48 1357
48 480
48 1358
481 1358
49 1358
49 1358
49 1358
484 1358
50 1358
485 1358
485 1358
52 1358
52 486
52 1359
487 1359
53 1359
488 1359
54 488
54 1360
54 1360
54 1360
54 1360
54 1360
54 493
493 1361
493 1361
493 1361
57 1361
57 494
57 1362
495 1362
495 1362
59 495
495 1363
60 495
60 1364
60 496
60 496
60 496
496 1367
61 1367
497 1367
62 1367
62 1367
62 1367
62 1367
501 1367
501 1367
501 1367
65 1367
502 1367
66 502
502 1368
502 1368
502 1368
69 1368
503 1368
70 1368
70 504
70 504
70 1370
70 505
505 1371
71 1371
71 1371
507 1371
72 507
72 1372
508 1372
73 508
508 1373
508 1373
75 1373
75 1373
510 1373
76 1373
76 511
76 511
76 511
76 511
76 1377
76 1377
513 1377
77 1377
514 1377
514 1377
79 1377
79 1377
79 516
516 1378
80 1378
517 1378
517 1378
82 1378
82 1378
519 1378
83 519
519 1379
84 519
84 519
519 1381
519 1381
519 1381
87 519
519 1382
519 1382
89 1382
520 1382
90 520
90 520
90 520
90 520
90 1386
90 521
521 1387
521 1387
521 1387
93 521
521 1388
94 521
521 1389
95 521
521 1390
96 1390
522 1390
97 522
97 522
97 1392
97 523
97 523
97 1394
524 1394
98 524
524 1395
99 524
524 1396
100 1396
100 525
100 525
100 1398
526 1398
526 1398
526 1398
526 1398
526 1398
105 526
526 1399
106 526
106 526
106 526
106 1402
106 1402
528 1402
107 528
107 1403
529 1403
108 1403
108 1403
108 1403
108 1403
533 1403
109 533
109 1404
534 1404
110 1404
110 1404
536 1404
536 1404
112 1404
537 1404
113 1404
538 1404
538 1404
538 1404
116 1404
539 1404
117 539
117 539
539 1406
118 539
118 1407
118 540
118 540
540 1409
540 1409
120 1409
120 541
120 541
120 541
120 541
541 1413
121 541
121 541
121 1415
121 1415
121 543
121 543
121 1417
121 544
121 1418
121 545
121 1419
121 546
121 1420
547 1420
122 547
547 1421
547 1421
547 1421
125 547
547 1422
547 1422
127 547
127 1423
127 1423
549 1423
128 549
549 1424
129 549
129 1425
129 1425
129 1425
129 552
552 1426
552 1426
131 1426
131 553
553 1427
553 1427
133 1427
554 1427
134 554
134 554
134 1429
134 1429
134 1429
557 1429
135 1429
558 1429
558 1429
137 558
558 1430
138 1430
138 559
138 559
138 559
138 559
138 559
138 1435
560 1435
139 560
560 1436
140 1436
140 561
140 1437
562 1437
141 562
141 562
562 1439
142 1439
142 563
142 1440
142 564
564 1441
143 564
564 1442
564 1442
564 1442
564 1442
147 564
147 1443
565 1443
148 565
565 1444
149 565
565 1445
150 565
565 1446
565 1446
152 565
565 1447
153 1447
153 566
566 1448
154 1448
154 567
567 1449
155 567
567 1450
156 1450
156 1450
156 569
569 1451
569 1451
158 569
158 1452
158 1452
158 571
158 1453
158 572
572 1454
159 572
159 572
572 1456
572 1456
161 572
572 1457
162 1457
573 1457
163 1457
163 1457
163 1457
163 1457
163 577
577 1458
577 1458
165 577
577 1459
166 1459
166 578
166 578
578 1461
167 578
578 1462
578 1462
169 578
169 1463
579 1463
170 579
579 1464
579 1464
172 1464
172 1464
172 581
172 581
172 581
172 581
172 581
172 1469
582 1469
582 1469
174 582
582 1470
582 1470
582 1470
177 1470
177 583
177 583
583 1472
178 583
178 1473
584 1473
179 584
179 1474
179 1474
586 1474
180 586
180 586
180 1476
180 1476
180 588
180 588
180 1478
180 1478
590 1478
181 1478
181 1478
592 1478
592 1478
183 1478
183 593
183 593
183 1480
594 1480
184 1480
595 1480
185 1480
185 596
185 596
185 596
185 596
596 1484
186 1484
597 1484
187 1484
598 1484
598 1484
189 598
598 1485
190 598
598 1486
191 1486
191 1486
600 1486
192 600
192 1487
192 601
192 1488
192 1488
603 1488
193 1488
604 1488
194 604
604 1489
195 1489
195 1489
195 606
195 1490
607 1490
607 1490
197 607
197 1491
197 608
608 1492
608 1492
608 1492
200 608
200 608
608 1494
608 1494
608 1494
203 608
203 608
203 608
203 1497
203 609
203 609
609 1499
204 609
204 1500
204 1500
611 1500
205 611
205 1501
205 612
205 612
205 1503
205 1503
614 1503
206 614
614 1504
614 1504
208 1504
208 1504
208 1504
208 617
208 617
208 617
208 617
617 1508
209 617
617 1509
210 1509
618 1509
618 1509
212 618
212 1510
212 619
212 619
212 1512
212 620
620 1513
213 1513
213 1513
213 1513
213 623
623 1514
214 1514
214 1514
625 1514
215 625
625 1515
625 1515
625 1515
218 1515
626 1515
626 1515
220 1515
627 1515
221 1515
221 1515
629 1515
629 1515
629 1515
224 629
224 1516
224 630
630 1517
225 1517
631 1517
226 1517
632 1517
227 1517
227 633
227 633
227 1519
227 1519
635 1519
228 635
228 635
635 1521
635 1521
230 635
635 1522
231 635
231 635
231 635
231 1525
231 636
231 1526
231 1526
231 1526
639 1526
639 1526
233 1526
640 1526
234 640
234 640
640 1528
235 1528
235 641
235 641
235 1530
642 1530
642 1530
237 642
237 642
237 1532
237 1532
237 1532
645 1532
238 645
238 645
238 1534
238 1534
238 647
647 1535
239 647
647 1536
240 647
240 647
240 647
240 647
240 1540
648 1540
241 1540
649 1540
242 1540
242 650
242 650
242 650
242 1543
242 651
651 1544
243 1544
243 652
243 652
652 1546
244 652
244 1547
244 653
653 1548
245 1548
654 1548
654 1548
247 654
247 654
247 654
654 1551
248 1551
655 1551
249 1551
249 1551
249 657
249 657
249 1553
249 1553
249 1553
249 660
249 660
249 660
660 1556
250 1556
250 1556
662 1556
251 1556
251 1556
664 1556
252 664
252 1557
665 1557
253 665
253 1558
253 1558
253 667
253 667
667 1560
254 667
254 1561
668 1561
255 1561
255 1561
255 670
670 1562
256 670
256 670
256 1564
256 1564
672 1564
257 672
257 672
672 1566
258 672
258 672
258 672
258 672
258 672
258 1571
673 1571
259 1571
674 1571
674 1571
261 674
261 1572
261 1572
676 1572
262 676
262 1573
262 677
262 677
677 1575
263 677
677 1576
264 677
264 1577
678 1577
265 678
265 1578
265 679
679 1579
266 1579
266 680
266 680
680 1581
680 1581
268 680
680 1582
269 1582
681 1582
270 1582
682 1582
271 682
271 1583
271 1583
271 1583
685 1583
272 685
272 685
272 1585
272 686
686 1586
686 1586
274 686
686 1587
275 1587
687 1587
276 687
276 687
276 1589
276 688
276 1590
689 1590
277 1590
277 690
277 690
277 1592
691 1592
278 1592
278 692
278 1593
693 1593
693 1593
280 693
280 693
280 693
280 693
280 693
280 1598
280 694
694 1599
281 1599
281 1599
281 1599
281 1599
698 1599
282 698
698 1600
698 1600
698 1600
698 1600
698 1600
287 1600
287 1600
287 1600
701 1600
701 1600
289 701
289 1601
289 1601
289 703
703 1602
703 1602
291 1602
704 1602
704 1602
293 704
293 704
704 1604
294 704
294 1605
294 1605
706 1605
706 1605
296 706
296 1606
296 707
707 1607
297 707
707 1608
298 1608
708 1608
299 1608
299 709
709 1609
300 1609
710 1609
710 1609
302 710
302 710
710 1611
710 1611
304 1611
711 1611
305 711
711 1612
711 1612
307 1612
307 1612
713 1612
308 713
713 1613
309 713
309 713
309 1615
309 1615
715 1615
310 1615
310 1615
310 1615
310 1615
310 1615
720 1615
311 720
311 1616
311 1616
311 722
311 1617
311 1617
311 1617
311 1617
311 726
726 1618
312 726
312 1619
312 727
312 727
312 1621
728 1621
728 1621
314 1621
314 1621
314 1621
314 731
314 1622
732 1622
732 1622
316 1622
733 1622
317 1622
317 1622
317 1622
317 736
317 1623
317 737
737 1624
318 737
318 737
318 737
737 1627
737 1627
737 1627
737 1627
322 1627
738 1627
323 738
323 738
738 1629
324 738
324 1630
739 1630
739 1630
326 1630
740 1630
327 1630
327 741
327 741
327 1632
327 742
327 1633
327 1633
327 1633
327 745
327 1634
327 746
327 746
327 746
746 1637
746 1637
329 1637
329 1637
329 1637
329 749
329 749
329 749
329 1640
750 1640
330 750
330 750
750 1642
331 1642
331 751
331 1643
752 1643
332 752
332 1644
753 1644
753 1644
334 1644
334 1644
334 1644
756 1644
335 756
335 1645
335 757
757 1646
336 1646
336 1646
336 759
336 759
336 759
336 1649
336 760
336 760
760 1651
337 760
337 1652
337 1652
337 1652
337 1652
337 764
337 764
337 1654
337 1654
766 1654
766 1654
339 1654
339 767
339 767
339 767
767 1657
340 767
340 767
340 767
340 767
767 1661
341 767
341 767
341 1663
341 768
768 1664
768 1664
343 1664
769 1664
344 769
344 1665
770 1665
770 1665
770 1665
347 1665
771 1665
348 1665
348 1665
348 1665
348 774
348 1666
348 775
348 775
348 775
348 1669
776 1669
776 1669
776 1669
351 776
776 1670
352 776
352 1671
352 777
777 1672
777 1672
354 1672
778 1672
778 1672
356 778
356 778
778 1674
357 778
357 1675
357 1675
357 1675
357 781
781 1676
358 1676
358 1676
358 1676
358 1676
358 1676
786 1676
359 786
786 1677
360 786
786 1678
361 1678
361 787
361 787
361 787
787 1681
787 1681
787 1681
364 1681
364 1681
364 1681
364 790
364 790
364 1683
364 791
364 1684
792 1684
792 1684
792 1684
367 792
367 792
367 792
367 1687
367 793
793 1688
368 1688
368 794
794 1689
794 1689
370 1689
795 1689
371 795
371 1690
371 1690
797 1690
372 797
372 1691
372 798
798 1692
373 798
798 1693
374 798
374 1694
374 799
374 799
374 1696
800 1696
800 1696
800 1696
377 1696
377 1696
802 1696
378 1696
378 1696
804 1696
379 1696
379 805
379 805
805 1698
380 805
805 1699
381 1699
806 1699
382 1699
382 1699
382 1699
382 1699
382 810
810 1700
383 810
383 1701
383 811
383 811
383 811
811 1704
384 1704
812 1704
385 812
385 812
385 812
385 812
812 1708
812 1708
387 812
387 812
387 812
812 1711
388 812
388 812
388 1713
388 1713
814 1713
814 1713
390 1713
815 1713
391 815
815 1714
392 1714
392 1714
392 1714
392 818
818 1715
818 1715
818 1715
395 1715
819 1715
396 819
819 1716
397 819
397 819
397 819
819 1719
398 819
398 819
398 1721
820 1721
820 1721
400 1721
400 1721
400 1721
400 1721
824 1721
401 824
401 824
401 824
401 1724
825 1724
402 825
825 1725
403 825
403 1726
403 1726
403 1726
403 828
403 1727
403 829
403 1728
403 1728
403 831
403 1729
403 1729
403 833
403 1730
403 1730
403 1730
836 1730
836 1730
405 1730
405 1730
405 1730
405 839
839 1731
839 1731
407 1731
407 1731
841 1731
408 1731
408 1731
843 1731
409 843
409 1732
409 1732
845 1732
845 1732
411 845
411 1733
411 846
411 1734
847 1734
412 1734
412 848
412 848
412 1736
849 1736
413 1736
413 850
413 1737
851 1737
414 1737
414 852
852 1738
415 852
415 852
415 1740
415 853
415 853
415 853
415 1743
415 854
854 1744
854 1744
417 1744
855 1744
855 1744
419 1744
419 1744
857 1744
420 857
857 1745
857 1745
857 1745
857 1745
857 1745
857 1745
426 857
857 1746
427 857
427 1747
427 858
427 858
427 858
427 858
858 1751
428 1751
859 1751
859 1751
859 1751
431 1751
860 1751
432 1751
861 1751
861 1751
861 1751
861 1751
436 1751
436 862
436 1752
863 1752
437 1752
437 864
864 1753
864 1753
439 864
439 864
439 864
439 1756
865 1756
865 1756
441 1756
866 1756
866 1756
443 1756
443 1756
868 1756
444 1756
444 869
869 1757
445 1757
870 1757
870 1757
870 1757
448 870
448 870
448 1759
448 1759
448 1759
873 1759
449 873
449 873
873 1761
873 1761
451 1761
451 1761
875 1761
452 875
875 1762
875 1762
875 1762
455 1762
876 1762
456 876
456 876
876 1764
457 876
876 1765
876 1765
459 876
459 876
459 1767
459 877
459 877
459 877
459 1770
878 1770
460 1770
879 1770
461 879
461 1771
461 880
880 1772
462 880
880 1773
463 880
880 1774
464 880
464 1775
464 881
464 881
464 881
464 1778
464 882
464 1779
464 883
883 1780
883 1780
466 883
466 1781
884 1781
884 1781
468 1781
885 1781
885 1781
470 1781
470 1781
470 1781
470 1781
470 1781
470 890
890 1782
890 1782
472 1782
891 1782
473 1782
892 1782
474 1782
474 893
474 1783
474 1783
474 1783
474 1783
474 1783
474 1783
474 899
474 1784
474 1784
901 1784
901 1784
476 1784
476 1784
476 903
476 903
903 1786
903 1786
478 1786
904 1786
904 1786
480 904
480 1787
480 905
905 1788
481 1788
481 1788
481 907
907 1789
482 907
907 1790
483 907
483 1791
483 1791
909 1791
484 1791
484 910
910 1792
485 1792
911 1792
486 1792
486 912
486 912
486 1794
486 1794
486 914
486 914
914 1796
487 1796
915 1796
488 915
915 1797
489 915
915 1798
490 1798
490 1798
917 1798
491 1798
918 1798
492 1798
919 1798
919 1798
919 1798
919 1798
919 1798
497 919
497 1799
497 920
497 1800
497 921
921 1801
498 921
921 1802
921 1802
500 1802
500 922
500 922
922 1804
501 1804
923 1804
923 1804
503 923
923 1805
504 923
504 923
504 923
504 1808
504 1808
504 1808
926 1808
505 926
926 1809
506 926
926 1810
507 926
507 1811
507 927
507 1812
928 1812
508 928
508 928
508 928
508 1815
508 1815
508 1815
508 931
508 1816
508 1816
933 1816
509 933
509 1817
509 1817
509 935
509 935
509 1819
936 1819
510 936
510 936
510 936
510 1822
510 1822
938 1822
938 1822
512 1822
939 1822
513 939
513 1823
513 1823
513 1823
513 1823
513 1823
513 944
944 1824
514 944
514 944
944 1826
515 944
944 1827
516 1827
516 945
516 1828
516 946
516 946
946 1830
946 1830
518 1830
518 1830
948 1830
948 1830
948 1830
521 1830
521 1830
950 1830
950 1830
950 1830
950 1830
950 1830
526 1830
526 1830
952 1830
527 1830
527 953
953 1831
528 1831
528 954
528 954
528 954
954 1834
529 954
954 1835
530 1835
530 955
530 1836
530 1836
957 1836
531 957
957 1837
957 1837
533 957
533 957
533 1839
533 958
533 958
958 1841
534 1841
959 1841
959 1841
536 1841
960 1841
537 960
960 1842
538 960
538 960
538 960
538 960
538 1846
961 1846
961 1846
961 1846
541 961
541 961
961 1848
961 1848
543 961
961 1849
961 1849
545 961
545 1850
962 1850
546 1850
963 1850
547 1850
547 1850
547 965
965 1851
548 1851
548 966
548 1852
548 967
548 967
967 1854
549 967
549 1855
549 1855
969 1855
550 969
969 1856
551 1856
970 1856
552 970
970 1857
970 1857
554 1857
554 1857
554 1857
554 973
973 1858
973 1858
973 1858
557 1858
557 974
557 974
974 1860
558 974
974 1861
974 1861
560 974
560 1862
560 1862
560 976
560 976
560 976
976 1865
976 1865
976 1865
563 1865
563 1865
978 1865
564 1865
979 1865
565 979
565 979
565 979
565 1868
565 1868
565 1868
982 1868
566 1868
983 1868
567 1868
567 1868
567 1868
986 1868
568 986
568 986
568 1870
987 1870
569 987
569 987
569 1872
569 1872
569 1872
569 990
569 1873
991 1873
570 1873
992 1873
992 1873
572 1873
572 993
572 993
993 1875
573 993
993 1876
574 1876
994 1876
575 994
575 1877
995 1877
576 1877
996 1877
996 1877
578 1877
578 997
997 1878
579 1878
998 1878
998 1878
581 998
581 1879
581 999
999 1880
582 1880
582 1880
582 1001
582 1881
1002 1881
1002 1881
584 1002
1002 1882
585 1002
585 1002
1002 1884
586 1884
586 1003
586 1885
1004 1885
1004 1885
588 1885
1005 1885
589 1005
589 1886
589 1886
589 1886
1008 1886
590 1008
590 1008
590 1008
590 1889
1009 1889
591 1009
591 1009
591 1891
591 1891
1011 1891
1011 1891
1011 1891
594 1011
1011 1892
1011 1892
596 1011
1011 1893
597 1893
597 1893
597 1893
597 1893
597 1015
1015 1894
598 1015
1015 1895
1015 1895
1015 1895
1015 1895
602 1015
602 1896
602 1896
602 1896
602 1018
602 1897
602 1019
1019 1898
603 1898
603 1898
1021 1898
1021 1898
605 1021
605 1899
605 1022
605 1022
605 1901
605 1023
1023 1902
1023 1902
1023 1902
608 1023
608 1023
608 1904
1024 1904
609 1024
609 1024
609 1906
609 1025
1025 1907
610 1025
610 1908
1026 1908
611 1026
1026 1909
612 1909
612 1027
612 1027
612 1911
612 1028
1028 1912
613 1028
613 1028
1028 1914
614 1914
614 1029
614 1915
1030 1915
615 1030
615 1916
615 1031
1031 1917
616 1917
616 1917
616 1917
1034 1917
617 1034
617 1034
617 1919
1035 1919
618 1035
618 1035
618 1921
618 1036
1036 1922
1036 1922
620 1036
1036 1923
621 1923
621 1923
621 1923
621 1923
621 1040
621 1924
1041 1924
1041 1924
623 1924
623 1042
1042 1925
1042 1925
625 1042
625 1042
1042 1927
626 1927
1043 1927
1043 1927
1043 1927
629 1043
1043 1928
630 1043
1043 1929
1043 1929
632 1929
632 1044
632 1044
632 1044
632 1932
632 1932
632 1046
1046 1933
1046 1933
634 1933
1047 1933
635 1047
1047 1934
1047 1934
1047 1934
1047 1934
639 1047
1047 1935
1047 1935
641 1047
641 1936
641 1048
641 1048
641 1938
641 1049
641 1049
641 1940
1050 1940
1050 1940
643 1940
643 1051
1051 1941
644 1941
644 1941
644 1941
644 1941
644 1941
644 1941
644 1057
1057 1942
645 1057
645 1943
645 1058
1058 1944
646 1058
646 1058
1058 1946
647 1946
647 1059
1059 1947
1059 1947
649 1059
649 1059
1059 1949
1059 1949
651 1059
1059 1950
1059 1950
1059 1950
654 1059
654 1059
1059 1952
655 1059
655 1953
655 1953
1061 1953
656 1061
656 1061
656 1955
656 1062
656 1956
656 1063
656 1063
656 1063
656 1063
656 1960
1064 1960
657 1064
1064 1961
1064 1961
659 1961
659 1961
659 1961
659 1961
659 1961
659 1961
1070 1961
1070 1961
1070 1961
662 1961
1071 1961
663 1071
663 1071
663 1071
663 1071
1071 1965
1071 1965
1071 1965
1071 1965
1071 1965
668 1071
668 1966
668 1072
668 1072
668 1072
668 1969
668 1969
668 1074
1074 1970
669 1074
669 1971
1075 1971
670 1075
670 1075
670 1973
1076 1973
671 1973
1077 1973
672 1077
1077 1974
1077 1974
674 1974
1078 1974
675 1974
1079 1974
676 1974
676 1974
1081 1974
677 1081
1081 1975
678 1081
678 1081
1081 1977
1081 1977
680 1977
1082 1977
1082 1977
682 1082
682 1978
682 1978
1084 1978
1084 1978
1084 1978
685 1084
685 1979
1085 1979
686 1979
1086 1979
1086 1979
688 1979
1087 1979
1087 1979
1087 1979
691 1087
1087 1980
692 1980
1088 1980
1088 1980
694 1088
694 1088
694 1982
1089 1982
695 1089
1089 1983
696 1983
696 1983
1091 1983
697 1983
697 1983
697 1093
697 1093
697 1985
697 1094
1094 1986
1094 1986
699 1986
699 1986
1096 1986
700 1096
1096 1987
701 1096
701 1096
1096 1989
1096 1989
1096 1989
704 1989
1097 1989
1097 1989
706 1097
706 1990
1098 1990
707 1098
707 1098
1098 1992
1098 1992
709 1098
709 1098
1098 1994
710 1098
1098 1995
711 1995
711 1995
711 1100
711 1100
711 1100
711 1998
711 1101
711 1101
711 2000
711 2000
711 1103
711 1103
1103 2002
1103 2002
713 2002
1104 2002
714 1104
1104 2003
1104 2003
716 1104
1104 2004
717 1104
1104 2005
1104 2005
719 2005
719 2005
1106 2005
1106 2005
721 1106
721 2006
1107 2006
722 2006
722 1108
1108 2007
723 2007
723 1109
723 2008
723 2008
1111 2008
724 2008
724 2008
724 1113
724 1113
724 1113
1113 2011
725 2011
1114 2011
1114 2011
1114 2011
728 1114
728 2012
728 2012
728 2012
1117 2012
729 2012
729 1118
729 1118
729 2014
1119 2014
730 1119
1119 2015
731 1119
731 1119
731 2017
731 2017
1121 2017
1121 2017
733 2017
733 2017
733 1123
1123 2018
734 1123
1123 2019
1123 2019
736 1123
736 1123
736 2021
736 2021
736 1125
736 1125
736 2023
736 1126
1126 2024
737 1126
737 1126
737 1126
737 1126
737 1126
1126 2029
738 1126
738 1126
1126 2031
739 1126
739 1126
739 2033
739 2033
739 1128
739 1128
1128 2035
1128 2035
1128 2035
1128 2035
743 2035
743 2035
1130 2035
744 1130
744 1130
744 2037
1131 2037
1131 2037
746 2037
1132 2037
1132 2037
748 2037
748 1133
748 2038
748 2038
748 1135
748 2039
748 1136
1136 2040
749 2040
749 1137
749 2041
749 2041
749 1139
749 2042
749 2042
1141 2042
750 2042
750 2042
1143 2042
751 2042
1144 2042
1144 2042
753 2042
753 1145
753 1145
1145 2044
754 1145
754 2045
754 1146
754 2046
754 2046
1148 2046
1148 2046
756 2046
756 2046
756 1150
756 1150
756 1150
1150 2049
757 2049
1151 2049
1151 2049
1151 2049
760 2049
760 2049
760 2049
760 2049
760 1155
1155 2050
761 1155
761 2051
761 1156
761 1156
761 2053
761 1157
761 2054
761 2054
1159 2054
762 2054
762 1160
762 1160
762 2056
762 2056
762 2056
762 1163
762 1163
1163 2058
763 2058
763 1164
763 2059
1165 2059
764 2059
764 2059
1167 2059
1167 2059
766 1167
766 1167
766 1167
766 1167
766 1167
1167 2064
767 2064
1168 2064
1168 2064
769 1168
769 1168
1168 2066
770 1168
770 1168
770 2068
1169 2068
771 2068
771 2068
771 2068
1172 2068
772 2068
1173 2068
773 1173
1173 2069
774 2069
774 2069
774 1175
1175 2070
775 1175
775 1175
775 2072
775 2072
775 2072
775 1178
1178 2073
776 2073
1179 2073
777 2073
777 1180
777 1180
1180 2075
1180 2075
779 2075
779 2075
779 2075
1183 2075
1183 2075
781 1183
781 2076
781 2076
781 1185
781 1185
781 1185
781 2079
1186 2079
1186 2079
1186 2079
1186 2079
785 1186
785 1186
1186 2081
786 2081
1187 2081
1187 2081
788 2081
788 1188
1188 2082
1188 2082
790 2082
1189 2082
1189 2082
1189 2082
1189 2082
794 2082
794 1190
1190 2083
1190 2083
1190 2083
1190 2083
798 1190
798 1190
1190 2085
1190 2085
1190 2085
801 2085
801 1191
801 2086
801 2086
801 2086
1194 2086
1194 2086
1194 2086
804 2086
804 2086
1196 2086
1196 2086
806 1196
1196 2087
1196 2087
1196 2087
809 1196
809 2088
809 2088
809 1198
809 2089
809 1199
809 2090
1200 2090
810 1200
810 2091
810 1201
1201 2092
811 2092
811 2092
811 2092
811 1204
811 1204
811 2094
1205 2094
1205 2094
1205 2094
814 1205
1205 2095
815 2095
1206 2095
816 1206
816 2096
816 2096
1208 2096
1208 2096
818 1208
1208 2097
1208 2097
820 1208
1208 2098
821 1208
821 1208
821 1208
821 1208
821 2102
821 1209
1209 2103
1209 2103
823 1209
1209 2104
1209 2104
1209 2104
826 2104
1210 2104
827 2104
827 1211
1211 2105
828 1211
828 2106
828 1212
828 2107
828 2107
1214 2107
1214 2107
830 2107
830 2107
830 1216
830 1216
830 1216
830 1216
830 1216
830 1216
830 2113
830 2113
1218 2113
1218 2113
832 2113
1219 2113
833 2113
833 1220
833 1220
833 1220
1220 2116
834 1220
1220 2117
835 1220
835 1220
835 1220
835 2120
835 2120
835 1222
835 1222
1222 2122
836 1222
836 1222
836 1222
836 2125
1223 2125
837 1223
837 1223
837 2127
837 2127
837 1225
837 2128
1226 2128
838 2128
838 1227
838 2129
838 2129
838 1229
838 1229
838 2131
838 1230
838 2132
1231 2132
839 1231
1231 2133
840 2133
840 1232
1232 2134
841 1232
841 2135
1233 2135
842 1233
1233 2136
843 1233
843 1233
843 2138
843 1234
843 1234
843 2140
843 1235
843 2141
1236 2141
844 1236
844 1236
844 2143
844 1237
844 2144
844 2144
844 1239
1239 2145
845 1239
1239 2146
846 2146
846 1240
846 2147
846 2147
846 1242
1242 2148
1242 2148
1242 2148
1242 2148
1242 2148
1242 2148
1242 2148
1242 2148
1242 2148
855 1242
1242 2149
856 1242
856 2150
1243 2150
1243 2150
858 1243
1243 2151
859 1243
859 1243
1243 2153
860 1243
860 1243
860 2155
860 2155
860 2155
860 2155
860 2155
1248 2155
861 2155
861 1249
861 1249
1249 2157
862 1249
1249 2158
1249 2158
1249 2158
865 1249
865 1249
865 1249
1249 2161
866 2161
1250 2161
867 2161
867 1251
867 2162
867 1252
867 1252
1252 2164
1252 2164
1252 2164
1252 2164
871 1252
1252 2165
872 2165
872 2165
1254 2165
1254 2165
874 2165
874 1255
874 1255
874 2167
874 1256
1256 2168
875 1256
1256 2169
1256 2169
877 1256
1256 2170
878 2170
1257 2170
879 1257
879 1257
1257 2172
880 1257
880 2173
880 2173
1259 2173
881 1259
881 2174
1260 2174
1260 2174
883 2174
883 1261
883 1261
1261 2176
884 1261
884 2177
884 1262
884 1262
884 1262
884 2180
884 1263
884 1263
884 2182
884 1264
884 1264
884 1264
884 1264
884 2186
884 2186
884 1266
884 2187
1267 2187
1267 2187
1267 2187
887 1267
887 2188
887 1268
887 2189
887 2189
887 2189
887 1271
887 1271
1271 2191
888 2191
888 1272
888 1272
888 2193
888 1273
888 2194
1274 2194
1274 2194
890 1274
1274 2195
891 1274
1274 2196
1274 2196
1274 2196
894 2196
894 2196
894 2196
894 2196
894 2196
894 1279
894 2197
1280 2197
1280 2197
1280 2197
897 2197
897 2197
897 2197
897 1283
1283 2198
898 2198
898 1284
898 1284
898 2200
898 1285
898 1285
898 2202
1286 2202
899 2202
899 2202
899 2202
899 1289
899 1289
899 2204
899 1290
1290 2205
900 1290
900 1290
900 1290
1290 2208
1290 2208
902 1290
902 1290
1290 2210
903 1290
903 1290
903 2212
1291 2212
904 2212
904 2212
1293 2212
905 1293
905 1293
1293 2214
906 2214
906 2214
1295 2214
907 1295
907 1295
907 2216
907 2216
1297 2216
908 2216
908 2216
1299 2216
1299 2216
1299 2216
911 2216
1300 2216
912 1300
1300 2217
1300 2217
914 2217
914 1301
1301 2218
915 1301
915 2219
915 2219
915 1303
915 2220
1304 2220
1304 2220
1304 2220
1304 2220
919 2220
919 2220
919 1306
919 1306
919 2222
919 2222
919 1308
1308 2223
1308 2223
1308 2223
1308 2223
923 2223
1309 2223
924 1309
924 1309
924 2225
924 2225
924 2225
924 2225
1313 2225
925 2225
925 2225
925 2225
925 2225
925 2225
925 2225
925 1319
1319 2226
926 1319
1319 2227
927 1319
927 1319
927 2229
1320 2229
928 2229
928 1321
1321 2230
929 1321
929 1321
929 1321
929 1321
1321 2234
930 1321
1321 2235
931 2235
931 2235
931 1323
931 1323
1323 2237
932 2237
932 2237
932 1325
932 2238
932 1326
932 1326
932 1326
932 2241
932 1327
932 1327
1327 2243
933 1327
933 2244
933 2244
933 1329
933 2245
1330 2245
934 1330
1330 2246
935 1330
935 1330
935 1330
1330 2249
936 2249
936 2249
936 1332
936 1332
936 1332
936 1332
936 1332
1332 2254
937 1332
937 1332
1332 2256
938 2256
938 1333
938 1333
1333 2258
939 1333
1333 2259
940 2259
1334 2259
941 2259
941 2259
1336 2259
942 1336
1336 2260
1336 2260
944 1336
944 1336
1336 2262
945 1336
945 2263
945 2263
1338 2263
946 1338
1338 2264
947 1338
1338 2265
948 1338
1338 2266
949 2266
949 1339
949 1339
1339 2268
1339 2268
951 2268
951 1340
951 1340
1340 2270
1340 2270
1340 2270
954 2270
954 2270
1342 2270
955 1342
955 2271
1343 2271
956 2271
1344 2271
957 1344
957 1344
957 1344
957 2274
1345 2274
958 1345
958 2275
1346 2275
959 1346
1346 2276
1346 2276
961 2276
961 1347
961 1347
961 2278
1348 2278
962 1348
1348 2279
1348 2279
964 2279
964 1349
964 2280
964 1350
1350 2281
965 2281
965 1351
965 2282
965 1352
1352 2283
966 2283
966 2283
966 2283
966 1355
966 2284
1356 2284
967 2284
1357 2284
968 2284
968 2284
968 2284
1360 2284
1360 2284
970 1360
970 2285
970 2285
970 2285
1363 2285
971 2285
971 1364
971 2286
971 1365
971 2287
1366 2287
972 2287
1367 2287
1367 2287
974 2287
974 1368
1368 2288
1368 2288
1368 2288
977 1368
977 1368
977 2290
977 2290
977 1370
977 2291
1371 2291
978 2291
978 2291
1373 2291
979 2291
1374 2291
1374 2291
1374 2291
982 1374
982 1374
982 1374
982 2294
982 2294
1376 2294
983 1376
983 1376
1376 2296
984 2296
1377 2296
985 2296
985 2296
985 2296
985 1380
985 2297
1381 2297
986 1381
1381 2298
987 2298
987 1382
1382 2299
988 1382
988 1382
988 2301
988 1383
1383 2302
989 1383
989 1383
989 2304
989 1384
1384 2305
1384 2305
991 1384
1384 2306
1384 2306
993 1384
1384 2307
1384 2307
1384 2307
996 2307
996 2307
1386 2307
997 1386
997 2308
1387 2308
998 1387
998 2309
998 1388
998 2310
1389 2310
999 2310
999 1390
999 2311
999 2311
999 1392
999 1392
1392 2313
1392 2313
1001 2313
1001 1393
1001 2314
1001 2314
1001 2314
1396 2314
1002 1396
1002 1396
1396 2316
1003 2316
1003 2316
1398 2316
1004 2316
1004 1399
1004 1399
1399 2318
1005 2318
1005 1400
1005 1400
1005 1400
1005 2321
1005 1401
1005 2322
1005 2322
1005 2322
1404 2322
1006 2322
1405 2322
1007 1405
1405 2323
1008 2323
1406 2323
1009 2323
1407 2323
1010 2323
1408 2323
1011 2323
1011 2323
1011 1410
1011 2324
1411 2324
1012 1411
1411 2325
1013 1411
1411 2326
1411 2326
1015 2326
1015 1412
1015 1412
1015 1412
1015 2329
1015 2329
1015 1414
1414 2330
1016 1414
1016 2331
1415 2331
1017 1415
1415 2332
1018 1415
1018 2333
1416 2333
1019 1416
1416 2334
1020 1416
1416 2335
1021 1416
1416 2336
1022 1416
1022 1416
1416 2338
1023 2338
1023 2338
1023 2338
1023 2338
1420 2338
1420 2338
1025 1420
1025 2339
1025 2339
1025 1422
1025 2340
1025 2340
1025 2340
1025 1425
1425 2341
1026 1425
1425 2342
1425 2342
1028 1425
1425 2343
1029 1425
1029 2344
1426 2344
1426 2344
1031 1426
1031 2345
1031 1427
1031 1427
1427 2347
1427 2347
1427 2347
1034 2347
1034 2347
1034 2347
1034 2347
1034 2347
1034 1432
1034 1432
1432 2349
1035 1432
1035 2350
1433 2350
1433 2350
1037 2350
1037 2350
1435 2350
1435 2350
1039 2350
1039 2350
1039 2350
1039 2350
1039 2350
1440 2350
1040 2350
1441 2350
1441 2350
1042 1441
1042 2351
1442 2351
1043 2351
1443 2351
1044 2351
1044 2351
1044 1445
1445 2352
1045 1445
1045 1445
1045 1445
1445 2355
1046 2355
1046 1446
1446 2356
1446 2356
1048 2356
1048 2356
1048 1448
1448 2357
1049 2357
1049 2357
1049 1450
1450 2358
1450 2358
1051 2358
1051 1451
1051 1451
1051 1451
1451 2361
1052 1451
1451 2362
1053 2362
1053 1452
1452 2363
1054 1452
1452 2364
1055 1452
1055 2365
1453 2365
1056 1453
1056 1453
1056 2367
1056 1454
1056 2368
1056 1455
1056 1455
1056 2370
1456 2370
1057 1456
1456 2371
1456 2371
1456 2371
1060 1456
1060 2372
1060 2372
1458 2372
1061 2372
1061 2372
1061 2372
1061 1461
1461 2373
1062 2373
1062 1462
1062 2374
1062 1463
1062 1463
1062 2376
1062 2376
1465 2376
1063 1465
1063 2377
1063 2377
1063 1467
1467 2378
1064 1467
1064 1467
1467 2380
1065 2380
1065 2380
1065 1469
1469 2381
1066 2381
1066 2381
1066 1471
1066 2382
1066 2382
1066 1473
1473 2383
1067 1473
1473 2384
1473 2384
1069 1473
1069 2385
1474 2385
1070 1474
1474 2386
1071 2386
1071 1475
1071 2387
1476 2387
1072 2387
1477 2387
1477 2387
1074 2387
1074 1478
1478 2388
1478 2388
1076 2388
1479 2388
1479 2388
1078 2388
1078 1480
1480 2389
1079 2389
1079 2389
1482 2389
1080 2389
1080 1483
1080 2390
1080 1484
1080 1484
1080 2392
1485 2392
1485 2392
1082 1485
1082 2393
1082 2393
1082 2393
1488 2393
1083 2393
1083 1489
1489 2394
1489 2394
1489 2394
1086 2394
1490 2394
1490 2394
1088 2394
1088 2394
1088 2394
1088 1493
1493 2395
1493 2395
1493 2395
1493 2395
1092 2395
1494 2395
1494 2395
1094 2395
1094 2395
1496 2395
1095 1496
1095 2396
1497 2396
1096 2396
1096 2396
1096 2396
1500 2396
1097 2396
1097 2396
1502 2396
1098 2396
1098 1503
1503 2397
1503 2397
1100 2397
1504 2397
1504 2397
1102 1504
1102 1504
1102 2399
1102 1505
1102 2400
1102 1506
1102 2401
1102 2401
1102 2401
1102 2401
1102 2401
1511 2401
1511 2401
1104 2401
1104 1512
1104 1512
1104 2403
1104 1513
1513 2404
1513 2404
1106 1513
1513 2405
1513 2405
1108 2405
1514 2405
1514 2405
1514 2405
1111 1514
1111 2406
1111 2406
1111 2406
1517 2406
1112 2406
1112 2406
1519 2406
1113 2406
1520 2406
1114 2406
1114 1521
1521 2407
1115 2407
1522 2407
1116 2407
1523 2407
1117 1523
1117 2408
1524 2408
1524 2408
1119 2408
1119 1525
1119 2409
1119 1526
1119 2410
1119 1527
1527 2411
1120 1527
1120 1527
1527 2413
1121 1527
1121 1527
1121 2415
1528 2415
1122 1528
1528 2416
1123 1528
1123 2417
1123 1529
1123 2418
1123 1530
1530 2419
1124 2419
1531 2419
1125 2419
1125 1532
1125 1532
1532 2421
1126 1532
1126 2422
1126 1533
1126 2423
1534 2423
1127 1534
1534 2424
1128 2424
1128 2424
1128 1536
1128 2425
1128 2425
1128 1538
1128 1538
1128 1538
1128 1538
1128 1538
1538 2430
1129 1538
1129 1538
1129 2432
1129 2432
1129 2432
1541 2432
1130 1541
1130 1541
1541 2434
1541 2434
1132 1541
1541 2435
1541 2435
1134 1541
1134 2436
1134 2436
1134 1543
1134 1543
1543 2438
1135 1543
1135 2439
1544 2439
1136 1544
1544 2440
1137 2440
1137 1545
1137 2441
1137 2441
1137 2441
1137 2441
1137 1549
1137 2442
1137 2442
1137 1551
1137 2443
1137 1552
1137 2444
1553 2444
1138 1553
1553 2445
1139 1553
1139 1553
1139 2447
1139 2447
1139 2447
1139 2447
1139 2447
1139 2447
1139 2447
1139 1560
1139 1560
1560 2449
1140 2449
1140 1561
1140 2450
1140 1562
1140 2451
1563 2451
1141 2451
1141 1564
1564 2452
1564 2452
1564 2452
1144 1564
1144 2453
1565 2453
1145 2453
1566 2453
1146 1566
1566 2454
1147 2454
1567 2454
1148 1567
1567 2455
1567 2455
1567 2455
1151 1567
1567 2456
1152 2456
1568 2456
1568 2456
1568 2456
1155 2456
1155 2456
1570 2456
1570 2456
1570 2456
1158 1570
1570 2457
1159 2457
1159 1571
1159 1571
1159 1571
1159 1571
1571 2461
1571 2461
1161 1571
1161 1571
1161 1571
1161 2464
1161 1572
1161 1572
1161 1572
1161 1572
1572 2468
1162 1572
1162 1572
1572 2470
1572 2470
1164 2470
1573 2470
1573 2470
1166 2470
1166 2470
1575 2470
1167 2470
1167 1576
1576 2471
1168 1576
1168 1576
1168 1576
1168 1576
1576 2475
1169 1576
1169 1576
1169 2477
1169 2477
1169 1578
1169 1578
1169 1578
1169 1578
1169 1578
1578 2482
1170 2482
1170 2482
1580 2482
1171 1580
1171 2483
1171 1581
1581 2484
1172 2484
1582 2484
1173 1582
1582 2485
1582 2485
1175 2485
1175 2485
1175 1584
1175 1584
1175 1584
1584 2488
1176 1584
1176 1584
1176 1584
1176 2491
1176 1585
1585 2492
1177 1585
1177 1585
1177 1585
1177 2495
1177 2495
1177 2495
1588 2495
1178 1588
1178 1588
1178 2497
1178 2497
1178 1590
1178 2498
1591 2498
1179 2498
1592 2498
1180 2498
1593 2498
1181 1593
1181 1593
1181 2500
1181 2500
1181 1595
1181 2501
1181 2501
1181 2501
1181 1598
1181 1598
1181 2503
1599 2503
1182 1599
1182 1599
1599 2505
1183 2505
1600 2505
1600 2505
1185 2505
1185 2505
1185 2505
1185 1603
1603 2506
1603 2506
1187 1603
1187 2507
1604 2507
1188 2507
1188 2507
1188 2507
1607 2507
1189 1607
1607 2508
1190 1607
1190 1607
1190 1607
1607 2511
1191 1607
1191 1607
1607 2513
1607 2513
1193 2513
1193 2513
1609 2513
1194 2513
1610 2513
1195 2513
1611 2513
1196 1611
1196 1611
1196 2515
1196 2515
1196 2515
1196 2515
1196 1615
1615 2516
1197 2516
1616 2516
1616 2516
1616 2516
1616 2516
1201 1616
1201 2517
1201 1617
1201 2518
1201 1618
1618 2519
1202 1618
1618 2520
1618 2520
1204 2520
1619 2520
1619 2520
1619 2520
1619 2520
1619 2520
1209 1619
1209 2521
1209 1620
1209 2522
1209 2522
1209 2522
1209 2522
1624 2522
1210 2522
1625 2522
1211 1625
1211 1625
1625 2524
1212 2524
1212 2524
1627 2524
1213 1627
1627 2525
1627 2525
1215 2525
1628 2525
1216 1628
1216 1628
1216 1628
1216 2528
1629 2528
1629 2528
1629 2528
1629 2528
1220 1629
1220 2529
1220 1630
1220 1630
1220 2531
1220 1631
1220 2532
1220 1632
1632 2533
1221 2533
1221 2533
1221 2533
1635 2533
1635 2533
1223 2533
1636 2533
1636 2533
1636 2533
1226 2533
1226 1637
1637 2534
1637 2534
1228 1637
1228 2535
1228 2535
1228 1639
1228 1639
1228 2537
1640 2537
1229 2537
1641 2537
1230 1641
1230 2538
1642 2538
1231 1642
1642 2539
1232 1642
1232 2540
1643 2540
1233 2540
1233 2540
1233 2540
1233 2540
1647 2540
1234 1647
1234 2541
1234 1648
1234 1648
1648 2543
1235 1648
1648 2544
1648 2544
1237 2544
1237 2544
1237 2544
1237 1651
1237 2545
1237 1652
1237 1652
1237 2547
1653 2547
1238 2547
1238 2547
1238 1655
1655 2548
1239 1655
1239 1655
1239 1655
1239 2551
1239 2551
1239 1657
1239 2552
1239 2552
1239 1659
1239 1659
1239 2554
1239 1660
1660 2555
1240 1660
1240 1660
1240 1660
1240 1660
1240 2559
1661 2559
1661 2559
1661 2559
1661 2559
1244 1661
1661 2560
1245 2560
1245 2560
1245 1663
1663 2561
1663 2561
1663 2561
1248 1663
1663 2562
1663 2562
1250 2562
1664 2562
1251 2562
1665 2562
1252 1665
1665 2563
1253 1665
1253 2564
1253 1666
1253 2565
1253 2565
1253 1668
1668 2566
1254 1668
1254 1668
1254 2568
1254 1669
1669 2569
1255 2569
1670 2569
1256 2569
1256 1671
1671 2570
1257 1671
1671 2571
1258 2571
1258 2571
1258 2571
1258 2571
1258 2571
1258 1676
1676 2572
1259 1676
1676 2573
1260 1676
1260 2574
1677 2574
1261 2574
1261 1678
1678 2575
1262 2575
1262 2575
1680 2575
1263 2575
1681 2575
1681 2575
1681 2575
1266 2575
1266 1682
1266 1682
1266 1682
1266 2578
1266 1683
1266 2579
1684 2579
1267 1684
1267 1684
1267 2581
1267 1685
1267 1685
1685 2583
1268 2583
1268 1686
1268 1686
1268 2585
1687 2585
1269 1687
1269 2586
1269 1688
1269 2587
1269 2587
1269 1690
1269 1690
1269 1690
1690 2590
1690 2590
1690 2590
1690 2590
1273 1690
1690 2591
1274 2591
1274 2591
1692 2591
1692 2591
1276 2591
1693 2591
1693 2591
1693 2591
1279 1693
1693 2592
1280 1693
1280 1693
1693 2594
1281 2594
1281 1694
1281 2595
1281 1695
1695 2596
1282 2596
1696 2596
1283 1696
1283 2597
1283 1697
1283 2598
1698 2598
1284 1698
1698 2599
1698 2599
1698 2599
1287 1698
1698 2600
1288 1698
1288 1698
1288 2602
1288 1699
1288 2603
1288 1700
1288 2604
1701 2604
1289 1701
1289 2605
1702 2605
1290 2605
1290 2605
1704 2605
1291 2605
1291 1705
1705 2606
1292 1705
1705 2607
1293 1705
1293 2608
1293 1706
1706 2609
1706 2609
1295 2609
1295 2609
1708 2609
1296 2609
1709 2609
1297 2609
1297 1710
1710 2610
1298 1710
1710 2611
1710 2611
1710 2611
1301 2611
1711 2611
1302 1711
1302 2612
1302 2612
1302 1713
1302 2613
1714 2613
1303 2613
1303 2613
1303 1716
1303 1716
1303 2615
1303 2615
1303 2615
1303 2615
1720 2615
1304 2615
1304 1721
1721 2616
1305 1721
1305 1721
1305 1721
1305 1721
1721 2620
1306 2620
1306 1722
1306 1722
1722 2622
1307 2622
1723 2622
1308 2622
1308 2622
1308 1725
1308 2623
1308 2623
1727 2623
1309 1727
1309 2624
1309 1728
1309 2625
1309 1729
1309 2626
1309 2626
1309 2626
1309 1732
1309 1732
1732 2628
1310 1732
1310 1732
1310 1732
1310 2631
1733 2631
1311 2631
1311 2631
1311 2631
1736 2631
1312 2631
1737 2631
1737 2631
1737 2631
1737 2631
1316 2631
1316 2631
1316 1739
1316 2632
1316 1740
1740 2633
1740 2633
1740 2633
1740 2633
1320 2633
1320 1741
1741 2634
1321 2634
1742 2634
1322 2634
1322 2634
1322 1744
1322 2635
1745 2635
1745 2635
1745 2635
1325 1745
1325 1745
1745 2637
1326 1745
1745 2638
1327 2638
1327 1746
1327 2639
1327 2639
1327 1748
1327 1748
1327 1748
1327 1748
1748 2643
1328 2643
1328 2643
1328 2643
1328 2643
1328 1752
1752 2644
1329 2644
1753 2644
1330 2644
1330 1754
1754 2645
1331 2645
1331 2645
1331 1756
1756 2646
1756 2646
1756 2646
1334 2646
1334 1757
1334 1757
1334 2648
1334 1758
1334 2649
1759 2649
1759 2649
1336 2649
1760 2649
1337 2649
1337 1761
1761 2650
1338 2650
1762 2650
1762 2650
1762 2650
1762 2650
1342 2650
1763 2650
1343 2650
1343 1764
1343 2651
1343 2651
1343 1766
1766 2652
1344 2652
1767 2652
1345 2652
1345 2652
1769 2652
1346 2652
1346 1770
1346 2653
1771 2653
1347 2653
1347 1772
1347 1772
1772 2655
1348 2655
1773 2655
1349 1773
1349 2656
1774 2656
1350 1774
1350 2657
1775 2657
1351 1775
1775 2658
1352 2658
1776 2658
1353 2658
1353 2658
1353 2658
1779 2658
1354 2658
1354 2658
1354 1781
1354 2659
1354 2659
1354 1783
1783 2660
1355 2660
1355 1784
1355 1784
1355 2662
1355 1785
1785 2663
1356 2663
1356 1786
1786 2664
1786 2664
1358 1786
1358 2665
1358 1787
1787 2666
1359 2666
1788 2666
1788 2666
1788 2666
1362 1788
1362 1788
1788 2668
1363 2668
1363 1789
1789 2669
1789 2669
1789 2669
1366 1789
1366 2670
1366 2670
1366 2670
1366 2670
1366 1793
1366 1793
1793 2672
1367 2672
1794 2672
1368 1794
1368 1794
1368 1794
1368 1794
1794 2676
1369 2676
1795 2676
1370 2676
1370 1796
1370 2677
1370 2677
1370 2677
1370 1799
1799 2678
1371 2678
1371 2678
1801 2678
1372 1801
1372 1801
1801 2680
1373 2680
1373 2680
1373 2680
1373 1804
1373 1804
1373 1804
1373 2683
1373 2683
1373 1806
1373 1806
1373 2685
1373 1807
1373 2686
1373 1808
1808 2687
1808 2687
1808 2687
1376 2687
1376 1809
1376 2688
1810 2688
1377 1810
1377 2689
1377 1811
1377 1811
1377 1811
1811 2692
1378 1811
1378 1811
1811 2694
1811 2694
1811 2694
1381 2694
1381 2694
1813 2694
1382 2694
1814 2694
1383 2694
1383 1815
1383 1815
1383 2696
1383 1816
1383 1816
1816 2698
1384 1816
1384 1816
1384 1816
1816 2701
1816 2701
1386 2701
1817 2701
1387 2701
1818 2701
1388 2701
1819 2701
1819 2701
1390 2701
1390 1820
1390 2702
1821 2702
1821 2702
1392 2702
1392 2702
1392 2702
1824 2702
1824 2702
1394 1824
1824 2703
1824 2703
1396 1824
1824 2704
1397 1824
1397 1824
1397 2706
1825 2706
1398 1825
1825 2707
1399 2707
1399 2707
1399 1827
1399 1827
1399 2709
1399 2709
1399 2709
1399 2709
1399 2709
1832 2709
1400 2709
1400 1833
1400 2710
1400 1834
1834 2711
1401 2711
1835 2711
1402 1835
1402 1835
1835 2713
1835 2713
1404 2713
1404 2713
1404 1837
1837 2714
1405 2714
1838 2714
1838 2714
1407 1838
1407 1838
1407 1838
1407 2717
1407 1839
1407 1839
1839 2719
1839 2719
1839 2719
1410 2719
1410 1840
1410 1840
1410 1840
1410 1840
1410 2723
1410 2723
1410 2723
1410 1843
1410 1843
1410 2725
1844 2725
1844 2725
1844 2725
1413 1844
1844 2726
1414 2726
1414 2726
1846 2726
1415 2726
1415 2726
1848 2726
1416 2726
1416 2726
1850 2726
1417 2726
1417 1851
1417 1851
1417 2728
1417 2728
1417 1853
1417 1853
1417 1853
1417 2731
1417 2731
1417 2731
1417 2731
1417 1857
1417 2732
1417 2732
1417 2732
1860 2732
1418 1860
1418 1860
1418 2734
1418 1861
1861 2735
1419 1861
1861 2736
1861 2736
1421 2736
1421 2736
1421 1863
1421 1863
1863 2738
1422 2738
1864 2738
1864 2738
1864 2738
1425 2738
1425 2738
1425 1866
1425 2739
1425 1867
1867 2740
1426 2740
1868 2740
1427 2740
1427 2740
1870 2740
1870 2740
1429 1870
1870 2741
1430 2741
1430 1871
1871 2742
1431 2742
1431 2742
1431 2742
1874 2742
1874 2742
1433 2742
1875 2742
1875 2742
1875 2742
1436 2742
1436 2742
1436 1877
1436 1877
1436 2744
1436 1878
1436 2745
1879 2745
1437 1879
1437 1879
1879 2747
1879 2747
1879 2747
1440 2747
1880 2747
1441 1880
1441 1880
1441 2749
1441 1881
1881 2750
1881 2750
1443 1881
1881 2751
1444 2751
1882 2751
1882 2751
1446 1882
1446 2752
1446 2752
1446 2752
1446 2752
1446 2752
1446 1887
1446 1887
1446 1887
1446 2755
1446 2755
1446 1889
1889 2756
1889 2756
1448 1889
1448 2757
1448 2757
1448 2757
1448 2757
1893 2757
1893 2757
1450 2757
1894 2757
1451 1894
1451 2758
1895 2758
1452 1895
1895 2759
1895 2759
1895 2759
1455 2759
1455 2759
1455 1897
1897 2760
1456 1897
1456 2761
1456 1898
1456 1898
1898 2763
1457 2763
1899 2763
1458 1899
1458 1899
1458 2765
1458 2765
1458 1901
1458 2766
1458 2766
1458 2766
1458 1904
1458 2767
1458 1905
1458 1905
1905 2769
1459 1905
1459 1905
1459 1905
1459 2772
1459 2772
1907 2772
1460 2772
1460 1908
1908 2773
1461 1908
1461 2774
1461 2774
1461 2774
1911 2774
1462 1911
1462 2775
1912 2775
1463 2775
1463 2775
1463 1914
1463 1914
1463 2777
1915 2777
1464 2777
1464 1916
1464 1916
1916 2779
1465 2779
1465 1917
1465 2780
1918 2780
1918 2780
1918 2780
1468 1918
1468 2781
1468 2781
1920 2781
1469 2781
1469 2781
1922 2781
1922 2781
1922 2781
1472 2781
1923 2781
1473 1923
1473 1923
1473 2783
1473 2783
1473 2783
1926 2783
1926 2783
1475 2783
1927 2783
1927 2783
1477 1927
1927 2784
1927 2784
1479 1927
1479 2785
1479 2785
1929 2785
1480 1929
1480 1929
1929 2787
1481 2787
1481 2787
1481 1931
1931 2788
1482 2788
1482 2788
1482 2788
1482 2788
1482 2788
1482 1936
1482 2789
1482 2789
1938 2789
1483 1938
1483 2790
1483 1939
1939 2791
1939 2791
1485 2791
1940 2791
1486 1940
1486 2792
1941 2792
1487 1941
1941 2793
1488 2793
1488 2793
1488 1943
1488 1943
1943 2795
1489 2795
1489 2795
1489 2795
1946 2795
1490 1946
1946 2796
1491 1946
1491 1946
1491 1946
1491 2799
1947 2799
1947 2799
1947 2799
1494 1947
1494 1947
1494 1947
1494 2802
1948 2802
1495 1948
1948 2803
1496 1948
1496 1948
1496 2805
1949 2805
1497 1949
1497 1949
1949 2807
1498 1949
1949 2808
1499 1949
1499 1949
1499 1949
1949 2811
1949 2811
1949 2811
1949 2811
1949 2811
1504 2811
1504 2811
1951 2811
1951 2811
1506 1951
1951 2812
1507 2812
1507 2812
1507 2812
1507 1954
1507 1954
1507 1954
1954 2815
1954 2815
1509 2815
1509 1955
1509 2816
1956 2816
1956 2816
1956 2816
1512 1956
1956 2817
1513 2817
1513 1957
1513 1957
1513 1957
1957 2820
1957 2820
1515 2820
1958 2820
1958 2820
1517 1958
1517 2821
1517 1959
1959 2822
1518 2822
1518 1960
1518 1960
1960 2824
1519 2824
1961 2824
1520 2824
1520 2824
1520 2824
1964 2824
1521 2824
1521 1965
1521 1965
1521 1965
1965 2827
1522 2827
1522 1966
1966 2828
1966 2828
1966 2828
1966 2828
1526 2828
1526 2828
1968 2828
1527 2828
1969 2828
1528 1969
1528 2829
1970 2829
1529 1970
1529 1970
1529 1970
1970 2832
1530 2832
1971 2832
1531 1971
1531 2833
1531 2833
1531 2833
1531 1974
1531 2834
1531 1975
1531 1975
1531 2836
1531 2836
1531 1977
1531 2837
1531 2837
1979 2837
1532 1979
1532 1979
1532 1979
1979 2840
1979 2840
1534 1979
1534 2841
1534 2841
1981 2841
1535 1981
1535 1981
1535 2843
1535 1982
1535 1982
1535 1982
1982 2846
1536 2846
1536 1983
1536 1983
1536 1983
1983 2849
1983 2849
1538 1983
1983 2850
1983 2850
1540 2850
1540 2850
1540 2850
1986 2850
1541 2850
1987 2850
1987 2850
1543 2850
1988 2850
1544 2850
1544 1989
1544 2851
1544 2851
1544 2851
1992 2851
1545 2851
1545 2851
1545 2851
1995 2851
1546 1995
1995 2852
1995 2852
1548 1995
1995 2853
1549 2853
1996 2853
1996 2853
1996 2853
1552 1996
1996 2854
1996 2854
1554 1996
1554 2855
1554 1997
1554 1997
1554 1997
1554 2858
1998 2858
1555 1998
1555 2859
1999 2859
1556 2859
2000 2859
1557 2859
1557 2859
1557 2002
2002 2860
1558 2002
1558 2861
1558 2861
1558 2004
2004 2862
1559 2862
2005 2862
1560 2862
1560 2006
1560 2863
1560 2863
2008 2863
1561 2863
1561 2863
2010 2863
1562 2863
2011 2863
1563 2863
2012 2863
1564 2863
1564 2863
2014 2863
2014 2863
1566 2863
1566 2015
1566 2864
2016 2864
2016 2864
1568 2864
1568 2864
1568 2018
1568 2018
2018 2866
2018 2866
1570 2866
1570 2019
1570 2867
1570 2020
1570 2868
1570 2021
1570 2869
1570 2022
2022 2870
1571 2870
1571 2870
1571 2870
2025 2870
1572 2870
1572 2870
2027 2870
2027 2870
1574 2027
1574 2871
1574 2028
1574 2872
1574 2872
1574 2030
2030 2873
1575 2030
1575 2874
1575 2874
1575 2032
1575 2032
2032 2876
1576 2032
1576 2877
1576 2877
2034 2877
1577 2877
1577 2877
1577 2877
1577 2877
2038 2877
1578 2877
1578 2039
2039 2878
1579 2039
1579 2039
1579 2039
1579 2039
2039 2882
2039 2882
1581 2039
2039 2883
1582 2039
1582 2039
1582 2039
2039 2886
1583 2886
2040 2886
1584 2040
1584 2887
1584 2887
2042 2887
1585 2887
1585 2043
2043 2888
2043 2888
2043 2888
2043 2888
1589 2888
2044 2888
1590 2888
1590 2045
1590 2889
2046 2889
2046 2889
1592 2889
2047 2889
2047 2889
1594 2889
1594 2048
1594 2048
1594 2891
1594 2891
1594 2891
2051 2891
1595 2051
1595 2051
2051 2893
1596 2893
2052 2893
1597 2893
2053 2893
1598 2053
1598 2053
1598 2053
1598 2053
2053 2897
2053 2897
2053 2897
1601 2897
1601 2054
1601 2898
1601 2898
1601 2056
1601 2056
1601 2900
2057 2900
1602 2900
2058 2900
1603 2900
2059 2900
1604 2059
2059 2901
1605 2059
2059 2902
1606 2059
1606 2059
1606 2904
1606 2904
2061 2904
1607 2061
1607 2061
2061 2906
1608 2061
2061 2907
2061 2907
1610 2907
1610 2907
2063 2907
1611 2907
1611 2064
1611 2064
1611 2909
1611 2909
1611 2066
1611 2066
1611 2911
1611 2067
1611 2912
1611 2068
1611 2068
1611 2914
1611 2069
1611 2915
1611 2070
1611 2916
1611 2916
1611 2072
1611 2072
2072 2918
2072 2918
2072 2918
2072 2918
1615 2918
1615 2073
1615 2919
2074 2919
2074 2919
2074 2919
2074 2919
2074 2919
2074 2919
1621 2074
1621 2074
1621 2074
2074 2922
1622 2922
1622 2922
2076 2922
2076 2922
1624 2076
1624 2923
1624 2077
2077 2924
2077 2924
2077 2924
1627 2077
1627 2077
2077 2926
2077 2926
2077 2926
1630 2077
1630 2927
2078 2927
1631 2927
2079 2927
2079 2927
1633 2927
2080 2927
2080 2927
1635 2927
1635 2081
2081 2928
1636 2081
2081 2929
1637 2081
2081 2930
1638 2081
1638 2081
2081 2932
1639 2932
1639 2932
2083 2932
2083 2932
2083 2932
2083 2932
1643 2932
1643 2084
2084 2933
1644 2084
1644 2934
2085 2934
2085 2934
1646 2085
1646 2085
1646 2936
1646 2936
1646 2087
1646 2937
2088 2937
1647 2088
2088 2938
1648 2938
2089 2938
1649 2938
1649 2090
1649 2090
1649 2090
2090 2941
1650 2090
2090 2942
2090 2942
2090 2942
1653 2942
2091 2942
2091 2942
1655 2091
1655 2091
1655 2091
1655 2945
2092 2945
1656 2945
1656 2945
1656 2094
1656 2094
1656 2094
1656 2094
1656 2094
1656 2950
1656 2950
1656 2950
2097 2950
1657 2950
1657 2950
2099 2950
1658 2950
2100 2950
1659 2100
2100 2951
2100 2951
2100 2951
2100 2951
1663 2100
1663 2952
1663 2952
2102 2952
1664 2102
1664 2953
2103 2953
1665 2103
1665 2954
2104 2954
2104 2954
1667 2104
1667 2955
2105 2955
1668 2105
2105 2956
1669 2105
2105 2957
1670 2957
1670 2106
1670 2106
2106 2959
1671 2959
1671 2107
2107 2960
1672 2107
1672 2961
1672 2108
2108 2962
2108 2962
1674 2962
1674 2962
1674 2110
1674 2963
1674 2111
1674 2111
1674 2111
1674 2966
1674 2112
1674 2112
2112 2968
1675 2968
1675 2113
2113 2969
1676 2113
1676 2113
2113 2971
1677 2971
1677 2114
2114 2972
1678 2972
2115 2972
1679 2972
1679 2116
2116 2973
1680 2116
1680 2116
2116 2975
1681 2975
1681 2975
2118 2975
2118 2975
2118 2975
1684 2975
2119 2975
1685 2975
1685 2975
1685 2975
2122 2975
1686 2975
1686 2123
2123 2976
1687 2976
1687 2124
1687 2124
1687 2978
1687 2125
1687 2979
1687 2979
1687 2127
1687 2980
1687 2980
1687 2129
1687 2981
2130 2981
1688 2130
1688 2982
1688 2131
2131 2983
1689 2131
1689 2984
2132 2984
2132 2984
1691 2984
1691 2984
1691 2984
1691 2135
2135 2985
2135 2985
2135 2985
1694 2985
1694 2136
2136 2986
2136 2986
1696 2986
2137 2986
1697 2986
2138 2986
1698 2138
1698 2987
1698 2987
2140 2987
2140 2987
2140 2987
1701 2140
2140 2988
1702 2140
2140 2989
2140 2989
1704 2989
1704 2141
2141 2990
1705 2141
1705 2141
2141 2992
1706 2992
1706 2142
1706 2142
1706 2142
2142 2995
2142 2995
2142 2995
1709 2142
1709 2996
1709 2143
1709 2143
1709 2143
1709 2999
1709 2999
1709 2145
2145 3000
2145 3000
2145 3000
1712 2145
2145 3001
1713 2145
1713 2145
1713 3003
2146 3003
1714 3003
2147 3003
2147 3003
1716 2147
1716 2147
1716 3005
1716 3005
1716 2149
2149 3006
2149 3006
1718 2149
1718 2149
1718 3008
2150 3008
2150 3008
2150 3008
1721 3008
1721 2151
1721 3009
1721 2152
1721 2152
1721 2152
2152 3012
1722 3012
1722 2153
1722 3013
1722 3013
2155 3013
2155 3013
1724 3013
2156 3013
2156 3013
2156 3013
2156 3013
1728 3013
2157 3013
1729 3013
1729 3013
2159 3013
1730 2159
1730 2159
2159 3015
1731 3015
1731 3015
1731 2161
1731 2161
2161 3017
1732 3017
1732 2162
2162 3018
1733 2162
1733 3019
1733 2163
2163 3020
1734 3020
2164 3020
1735 3020
2165 3020
1736 2165
1736 2165
1736 3022
2166 3022
2166 3022
1738 2166
1738 2166
2166 3024
1739 3024
1739 2167
1739 2167
1739 3026
1739 3026
1739 3026
1739 3026
1739 2171
2171 3027
1740 2171
1740 2171
1740 2171
1740 3030
1740 3030
1740 2173
1740 3031
1740 2174
2174 3032
1741 2174
2174 3033
1742 3033
1742 3033
2176 3033
1743 3033
2177 3033
2177 3033
1745 2177
1745 3034
2178 3034
2178 3034
1747 3034
1747 2179
1747 3035
2180 3035
1748 3035
1748 2181
1748 2181
1748 2181
2181 3038
1749 2181
1749 2181
1749 3040
1749 2182
1749 2182
2182 3042
2182 3042
1751 2182
2182 3043
2182 3043
1753 3043
1753 2183
1753 2183
1753 3045
1753 3045
2185 3045
2185 3045
1755 2185
2185 3046
1756 2185
1756 3047
2186 3047
2186 3047
1758 2186
1758 2186
2186 3049
2186 3049
2186 3049
1761 2186
2186 3050
1762 3050
1762 3050
1762 3050
1762 3050
2190 3050
1763 2190
1763 2190
1763 3052
2191 3052
2191 3052
2191 3052
1766 3052
2192 3052
1767 2192
1767 3053
2193 3053
2193 3053
2193 3053
1770 2193
1770 2193
1770 2193
1770 2193
2193 3057
1771 3057
1771 2194
1771 3058
1771 3058
2196 3058
1772 3058
2197 3058
2197 3058
1774 3058
1774 2198
1774 2198
1774 2198
1774 3061
1774 2199
1774 2199
1774 3063
2200 3063
1775 3063
2201 3063
1776 3063
2202 3063
1777 3063
1777 2203
1777 3064
1777 3064
2205 3064
1778 3064
2206 3064
1779 3064
1779 3064
1779 2208
1779 3065
2209 3065
2209 3065
1781 3065
2210 3065
1782 2210
2210 3066
1783 2210
1783 2210
1783 3068
2211 3068
1784 3068
2212 3068
1785 3068
2213 3068
1786 2213
1786 3069
2214 3069
1787 2214
2214 3070
1788 3070
1788 2215
1788 3071
1788 3071
1788 3071
2218 3071
1789 2218
2218 3072
1790 2218
2218 3073
2218 3073
1792 3073
1792 3073
1792 3073
1792 3073
1792 2222
2222 3074
2222 3074
1794 3074
1794 3074
1794 2224
1794 2224
1794 2224
1794 2224
2224 3078
2224 3078
1796 3078
1796 2225
1796 2225
2225 3080
1797 2225
1797 3081
1797 2226
2226 3082
1798 2226
1798 3083
1798 2227
2227 3084
1799 2227
1799 2227
1799 3086
2228 3086
1800 3086
1800 3086
1800 3086
1800 2231
1800 3087
2232 3087
2232 3087
2232 3087
2232 3087
1804 2232
2232 3088
1805 3088
2233 3088
1806 2233
2233 3089
1807 3089
1807 2234
1807 3090
1807 2235
1807 3091
2236 3091
1808 2236
2236 3092
2236 3092
1810 3092
1810 3092
2238 3092
2238 3092
1812 2238
1812 2238
1812 3094
1812 3094
1812 3094
2241 3094
1813 2241
2241 3095
1814 3095
1814 3095
1814 2243
1814 2243
1814 3097
2244 3097
1815 3097
2245 3097
2245 3097
1817 2245
1817 2245
2245 3099
1818 2245
1818 3100
2246 3100
1819 3100
1819 2247
2247 3101
1820 2247
2247 3102
1821 3102
1821 2248
1821 3103
1821 2249
1821 2249
1821 3105
1821 3105
1821 2251
1821 2251
1821 3107
1821 3107
1821 3107
1821 3107
2255 3107
1822 2255
1822 3108
1822 3108
2257 3108
1823 3108
1823 2258
2258 3109
1824 3109
2259 3109
1825 2259
1825 2259
1825 2259
1825 2259
1825 3113
1825 3113
1825 2261
2261 3114
2261 3114
1827 3114
1827 2262
1827 3115
1827 3115
1827 2264
2264 3116
1828 3116
1828 3116
1828 2266
1828 2266
1828 3118
1828 3118
1828 2268
1828 3119
2269 3119
1829 2269
1829 3120
2270 3120
2270 3120
1831 3120
2271 3120
1832 2271
1832 2271
1832 3122
1832 3122
1832 3122
1832 2274
2274 3123
1833 3123
1833 3123
1833 3123
2277 3123
1834 2277
1834 3124
2278 3124
2278 3124
1836 3124
2279 3124
2279 3124
1838 3124
1838 2280
2280 3125
2280 3125
1840 3125
1840 2281
1840 2281
2281 3127
1841 2281
2281 3128
1842 2281
1842 3129
2282 3129
1843 3129
1843 3129
2284 3129
1844 3129
1844 2285
2285 3130
1845 3130
1845 2286
1845 3131
2287 3131
1846 2287
1846 2287
2287 3133
2287 3133
1848 3133
1848 3133
1848 3133
1848 2290
2290 3134
1849 2290
1849 2290
1849 3136
1849 3136
1849 3136
1849 2293
2293 3137
2293 3137
1851 3137
2294 3137
1852 3137
2295 3137
1853 3137
1853 3137
1853 3137
1853 3137
1853 2299
1853 3138
1853 3138
1853 2301
2301 3139
1854 2301
2301 3140
2301 3140
1856 3140
1856 3140
2303 3140
1857 2303
2303 3141
1858 3141
1858 3141
1858 2305
1858 3142
2306 3142
1859 3142
1859 3142
2308 3142
1860 3142
1860 2309
1860 3143
2310 3143
1861 3143
1861 3143
1861 2312
2312 3144
1862 2312
2312 3145
1863 2312
1863 2312
1863 2312
1863 3148
1863 3148
2314 3148
1864 3148
1864 2315
1864 3149
2316 3149
2316 3149
2316 3149
2316 3149
2316 3149
2316 3149
2316 3149
1871 3149
2317 3149
1872 2317
1872 2317
1872 3151
1872 2318
1872 3152
1872 2319
2319 3153
1873 2319
2319 3154
2319 3154
1875 3154
1875 2320
1875 3155
1875 3155
2322 3155
1876 2322
1876 3156
2323 3156
1877 3156
1877 2324
1877 3157
1877 3157
2326 3157
1878 3157
1878 2327
2327 3158
2327 3158
1880 2327
1880 2327
1880 2327
1880 3161
2328 3161
1881 2328
1881 3162
2329 3162
1882 3162
2330 3162
1883 3162
1883 3162
2332 3162
2332 3162
1885 2332
1885 2332
1885 2332
2332 3165
1886 2332
1886 2332
2332 3167
1887 3167
1887 3167
1887 3167
2335 3167
1888 2335
1888 2335
1888 3169
1888 2336
1888 2336
1888 2336
1888 2336
2336 3173
2336 3173
1890 2336
2336 3174
1891 2336
2336 3175
2336 3175
1893 2336
1893 3176
2337 3176
1894 3176
1894 3176
2339 3176
1895 3176
1895 2340
1895 3177
2341 3177
1896 3177
1896 2342
2342 3178
1897 2342
2342 3179
1898 2342
2342 3180
1899 2342
1899 2342
2342 3182
2342 3182
2342 3182
1902 3182
1902 3182
1902 2344
1902 2344
1902 2344
1902 2344
1902 3186
1902 3186
2346 3186
2346 3186
2346 3186
1905 3186
1905 3186
1905 3186
1905 3186
1905 2350
1905 2350
1905 2350
1905 3189
2351 3189
2351 3189
2351 3189
1908 3189
2352 3189
1909 2352
1909 3190
2353 3190
1910 3190
2354 3190
1911 3190
2355 3190
1912 3190
1912 3190
1912 2357
1912 2357
1912 2357
1912 3193
1912 2358
2358 3194
2358 3194
1914 2358
1914 3195
1914 2359
1914 3196
1914 3196
1914 3196
2362 3196
1915 2362
2362 3197
1916 2362
2362 3198
1917 3198
1917 3198
1917 3198
2365 3198
2365 3198
2365 3198
1920 3198
1920 3198
1920 3198
2368 3198
1921 3198
2369 3198
2369 3198
2369 3198
2369 3198
1925 2369
2369 3199
1926 3199
1926 2370
2370 3200
1927 3200
1927 2371
1927 3201
1927 2372
2372 3202
1928 3202
2373 3202
1929 3202
1929 2374
2374 3203
1930 2374
1930 3204
1930 2375
1930 2375
2375 3206
1931 2375
1931 3207
1931 2376
2376 3208
1932 2376
1932 3209
1932 2377
1932 3210
1932 2378
1932 2378
2378 3212
1933 2378
2378 3213
1934 3213
1934 2379
1934 2379
2379 3215
2379 3215
2379 3215
2379 3215
1938 3215
1938 2380
1938 3216
1938 2381
2381 3217
1939 2381
1939 2381
1939 3219
2382 3219
1940 2382
1940 2382
2382 3221
1941 2382
1941 3222
2383 3222
1942 3222
1942 3222
2385 3222
1943 2385
1943 2385
1943 2385
2385 3225
1944 2385
1944 3226
1944 2386
1944 3227
1944 3227
1944 3227
1944 2389
2389 3228
1945 3228
1945 2390
2390 3229
1946 3229
1946 2391
1946 2391
2391 3231
1947 2391
1947 2391
2391 3233
1948 3233
2392 3233
1949 3233
1949 3233
1949 3233
2395 3233
1950 2395
1950 3234
2396 3234
2396 3234
2396 3234
2396 3234
1954 2396
2396 3235
2396 3235
2396 3235
1957 2396
2396 3236
1958 3236
1958 2397
1958 2397
1958 3238
1958 3238
1958 3238
2400 3238
1959 3238
1959 2401
2401 3239
1960 2401
1960 3240
1960 2402
2402 3241
1961 2402
2402 3242
1962 3242
2403 3242
2403 3242
1964 3242
2404 3242
1965 2404
1965 3243
2405 3243
2405 3243
1967 2405
1967 2405
1967 2405
2405 3246
2405 3246
1969 3246
2406 3246
1970 3246
1970 3246
1970 2408
1970 2408
1970 2408
1970 3249
1970 3249
2410 3249
2410 3249
1972 2410
2410 3250
1973 3250
2411 3250
1974 2411
1974 2411
1974 3252
2412 3252
1975 2412
1975 3253
1975 3253
2414 3253
1976 3253
1976 3253
2416 3253
1977 3253
1977 3253
1977 3253
1977 2419
1977 3254
1977 2420
1977 3255
1977 2421
2421 3256
1978 2421
1978 2421
1978 2421
1978 2421
1978 3260
2422 3260
2422 3260
2422 3260
2422 3260
2422 3260
2422 3260
1984 3260
1984 3260
1984 3260
1984 3260
2426 3260
1985 3260
1985 2427
1985 3261
1985 2428
2428 3262
1986 2428
2428 3263
1987 2428
1987 3264
2429 3264
1988 2429
1988 3265
1988 2430
1988 2430
1988 2430
2430 3268
1989 3268
2431 3268
1990 2431
2431 3269
1991 2431
1991 3270
1991 3270
1991 3270
1991 3270
2435 3270
1992 2435
1992 3271
2436 3271
2436 3271
1994 3271
1994 3271
2438 3271
1995 3271
1995 2439
1995 2439
1995 2439
2439 3274
2439 3274
2439 3274
1998 2439
1998 2439
2439 3276
1999 2439
2439 3277
2439 3277
2001 2439
2001 3278
2001 2440
2440 3279
2002 3279
2002 2441
2002 2441
2441 3281
2003 2441
2003 3282
2442 3282
2004 2442
2004 2442
2004 2442
2004 3285
2004 3285
2004 2444
2004 2444
2004 3287
2004 2445
2004 2445
2004 3289
2446 3289
2446 3289
2006 2446
2446 3290
2446 3290
2008 3290
2447 3290
2009 2447
2009 3291
2448 3291
2010 3291
2449 3291
2011 3291
2450 3291
2012 3291
2012 2451
2451 3292
2451 3292
2451 3292
2015 3292
2015 3292
2015 3292
2454 3292
2454 3292
2454 3292
2454 3292
2019 3292
2019 3292
2019 2456
2019 3293
2019 2457
2019 2457
2457 3295
2020 3295
2458 3295
2021 2458
2458 3296
2458 3296
2458 3296
2024 3296
2024 2459
2024 3297
2460 3297
2460 3297
2460 3297
2460 3297
2028 2460
2460 3298
2460 3298
2460 3298
2460 3298
2460 3298
2033 3298
2461 3298
2034 3298
2462 3298
2035 3298
2463 3298
2036 3298
2464 3298
2037 2464
2037 2464
2037 2464
2464 3301
2038 3301
2465 3301
2039 3301
2466 3301
2466 3301
2041 2466
2041 2466
2466 3303
2042 2466
2042 3304
2042 3304
2042 2468
2042 3305
2469 3305
2043 3305
2470 3305
2044 3305
2471 3305
2471 3305
2471 3305
2047 2471
2047 3306
2472 3306
2472 3306
2472 3306
2050 3306
2473 3306
2051 2473
2473 3307
2473 3307
2053 2473
2473 3308
2473 3308
2055 3308
2055 3308
2475 3308
2056 3308
2476 3308
2476 3308
2058 3308
2058 2477
2058 3309
2478 3309
2059 2478
2059 3310
2059 3310
2059 3310
2059 2481
2059 2481
2059 2481
2059 2481
2059 2481
2059 3315
2059 2482
2059 3316
2059 3316
2059 3316
2485 3316
2485 3316
2061 3316
2061 3316
2061 2487
2061 2487
2061 2487
2061 3319
2061 2488
2061 2488
2488 3321
2062 2488
2062 3322
2489 3322
2063 2489
2063 2489
2489 3324
2489 3324
2489 3324
2066 2489
2489 3325
2067 2489
2067 3326
2490 3326
2068 2490
2068 2490
2068 2490
2068 2490
2068 3330
2491 3330
2491 3330
2070 2491
2491 3331
2071 3331
2071 2492
2492 3332
2072 2492
2072 2492
2072 2492
2072 2492
2492 3336
2073 2492
2492 3337
2074 2492
2074 3338
2074 3338
2074 2494
2074 2494
2074 2494
2074 2494
2494 3342
2494 3342
2076 2494
2076 3343
2076 3343
2496 3343
2077 3343
2077 2497
2077 3344
2498 3344
2078 3344
2499 3344
2079 3344
2500 3344
2080 2500
2080 3345
2080 2501
2080 3346
2080 2502
2080 2502
2080 3348
2080 3348
2080 2504
2080 2504
2080 3350
2080 3350
2506 3350
2081 2506
2506 3351
2082 3351
2507 3351
2083 2507
2083 2507
2083 2507
2083 2507
2083 2507
2507 3356
2507 3356
2085 3356
2085 2508
2508 3357
2086 3357
2086 3357
2086 3357
2086 3357
2086 3357
2086 3357
2086 3357
2086 2515
2086 3358
2086 2516
2086 3359
2086 2517
2086 2517
2086 2517
2517 3362
2087 2517
2087 3363
2518 3363
2088 2518
2088 2518
2088 2518
2088 2518
2518 3367
2089 2518
2089 3368
2089 3368
2520 3368
2520 3368
2091 2520
2091 2520
2520 3370
2520 3370
2093 2520
2093 2520
2093 3372
2093 3372
2093 3372
2523 3372
2523 3372
2523 3372
2096 3372
2524 3372
2097 2524
2097 3373
2525 3373
2098 3373
2098 2526
2526 3374
2526 3374
2526 3374
2101 3374
2527 3374
2102 2527
2102 3375
2528 3375
2103 3375
2103 3375
2103 2530
2103 3376
2531 3376
2104 3376
2532 3376
2105 3376
2105 3376
2534 3376
2106 2534
2106 3377
2535 3377
2535 3377
2535 3377
2535 3377
2110 2535
2535 3378
2111 3378
2111 2536
2536 3379
2536 3379
2113 3379
2113 3379
2113 2538
2113 3380
2539 3380
2539 3380
2539 3380
2116 3380
2116 2540
2116 2540
2116 3382
2541 3382
2541 3382
2541 3382
2541 3382
2120 3382
2542 3382
2121 3382
2121 3382
2544 3382
2122 2544
2122 2544
2122 3384
2122 2545
2122 2545
2122 2545
2122 2545
2545 3388
2545 3388
2124 3388
2124 3388
2124 2547
2547 3389
2547 3389
2126 3389
2126 3389
2126 3389
2126 2550
2126 3390
2551 3390
2127 3390
2552 3390
2128 3390
2128 3390
2128 2554
2128 2554
2128 3392
2128 2555
2128 3393
2128 2556
2128 3394
2557 3394
2129 3394
2129 3394
2559 3394
2130 3394
2130 3394
2561 3394
2131 2561
2131 2561
2131 3396
2131 3396
2563 3396
2132 2563
2132 3397
2132 2564
2132 2564
2564 3399
2564 3399
2564 3399
2135 3399
2135 2565
2135 3400
2135 2566
2135 2566
2135 3402
2135 3402
2135 3402
2569 3402
2569 3402
2137 2569
2569 3403
2138 3403
2570 3403
2139 3403
2139 3403
2139 3403
2139 3403
2139 3403
2139 3403
2139 2576
2139 2576
2139 2576
2139 2576
2139 2576
2139 2576
2576 3409
2576 3409
2141 3409
2577 3409
2142 3409
2578 3409
2578 3409
2578 3409
2578 3409
2146 2578
2146 2578
2146 3411
2146 2579
2146 2579
2579 3413
2147 2579
2147 2579
2147 2579
2147 2579
2147 2579
2147 3418
2147 3418
2147 3418
2147 3418
2147 2583
2147 2583
2583 3420
2148 3420
2148 2584
2584 3421
2149 3421
2585 3421
2585 3421
2151 3421
2151 2586
2151 2586
2151 3423
2151 2587
2587 3424
2152 3424
2152 3424
2152 2589
2152 2589
2589 3426
2153 3426
2590 3426
2590 3426
2590 3426
2156 3426
2156 2591
2156 2591
2156 2591
2156 3429
2156 3429
2156 2593
2156 3430
2156 2594
2156 3431
2156 2595
2595 3432
2595 3432
2158 3432
2158 2596
2158 3433
2158 2597
2597 3434
2597 3434
2160 3434
2598 3434
2161 2598
2161 2598
2598 3436
2162 2598
2598 3437
2163 3437
2163 3437
2163 3437
2163 3437
2163 3437
2163 3437
2163 3437
2605 3437
2164 2605
2605 3438
2605 3438
2166 3438
2166 3438
2166 3438
2166 3438
2166 3438
2166 2610
2166 3439
2611 3439
2167 3439
2167 2612
2167 2612
2167 2612
2612 3442
2168 2612
2612 3443
2169 3443
2169 2613
2169 2613
2613 3445
2613 3445
2613 3445
2172 3445
2614 3445
2614 3445
2174 2614
2614 3446
2175 2614
2175 2614
2175 2614
2175 2614
2614 3450
2614 3450
2177 2614
2177 2614
2177 3452
2177 2615
2177 3453
2177 3453
2177 2617
2617 3454
2617 3454
2179 3454
2618 3454
2180 2618
2180 3455
2619 3455
2181 3455
2181 3455
2181 3455
2181 2622
2622 3456
2622 3456
2183 3456
2623 3456
2184 2623
2623 3457
2185 2623
2623 3458
2186 2623
2186 3459
2624 3459
2624 3459
2188 3459
2625 3459
2189 3459
2189 2626
2189 3460
2189 2627
2189 3461
2628 3461
2628 3461
2191 3461
2629 3461
2192 3461
2630 3461
2193 3461
2193 2631
2193 3462
2632 3462
2194 2632
2632 3463
2632 3463
2196 3463
2196 2633
2196 3464
2196 2634
2634 3465
2197 3465
2635 3465
2198 3465
2198 2636
2636 3466
2636 3466
2200 3466
2200 3466
2638 3466
2201 3466
2639 3466
2202 2639
2202 3467
2202 3467
2202 3467
2202 2642
2202 2642
2642 3469
2642 3469
2642 3469
2205 3469
2205 2643
2205 2643
2205 3471
2205 3471
2645 3471
2645 3471
2207 3471
2207 2646
2646 3472
2646 3472
2646 3472
2646 3472
2211 2646
2211 2646
2211 3474
2647 3474
2212 2647
2212 2647
2647 3476
2213 2647
2647 3477
2647 3477
2215 3477
2215 2648
2648 3478
2216 2648
2216 3479
2216 2649
2649 3480
2649 3480
2649 3480
2219 2649
2649 3481
2220 2649
2649 3482
2221 2649
2649 3483
2649 3483
2223 2649
2223 3484
2223 2650
2223 2650
2650 3486
2650 3486
2225 3486
2225 3486
2225 2652
2652 3487
2226 2652
2226 3488
2226 3488
2654 3488
2654 3488
2228 3488
2228 3488
2228 3488
2228 3488
2658 3488
2229 3488
2659 3488
2659 3488
2659 3488
2232 3488
2232 3488
2232 3488
2662 3488
2233 2662
2233 3489
2233 2663
2233 2663
2233 3491
2664 3491
2234 3491
2665 3491
2235 2665
2235 2665
2235 2665
2665 3494
2665 3494
2237 2665
2237 2665
2237 3496
2666 3496
2666 3496
2239 3496
2667 3496
2667 3496
2241 2667
2667 3497
2667 3497
2243 3497
2243 3497
2243 2669
2243 2669
2669 3499
2244 2669
2244 3500
2244 2670
2244 3501
2671 3501
2245 2671
2245 2671
2245 2671
2245 2671
2671 3505
2246 2671
2246 2671
2246 3507
2246 2672
2246 3508
2246 3508
2246 3508
2246 3508
2246 2676
2246 3509
2246 2677
2677 3510
2247 2677
2247 3511
2247 2678
2678 3512
2678 3512
2249 2678
2249 2678
2249 2678
2249 3515
2249 3515
2249 3515
2249 2681
2249 2681
2249 2681
2681 3518
2681 3518
2251 3518
2682 3518
2252 3518
2252 2683
2683 3519
2683 3519
2254 3519
2254 2684
2254 2684
2684 3521
2684 3521
2256 2684
2684 3522
2257 2684
2684 3523
2684 3523
2259 3523
2259 3523
2259 2686
2259 3524
2259 2687
2259 2687
2259 2687
2259 2687
2259 3528
2688 3528
2688 3528
2688 3528
2262 2688
2688 3529
2263 2688
2688 3530
2264 2688
2264 3531
2264 3531
2264 2690
2690 3532
2690 3532
2266 3532
2691 3532
2691 3532
2691 3532
2269 2691
2269 2691
2269 2691
2269 3535
2692 3535
2270 2692
2270 2692
2270 3537
2270 2693
2270 3538
2270 2694
2694 3539
2694 3539
2272 2694
2272 2694
2272 2694
2694 3542
2273 3542
2273 2695
2695 3543
2695 3543
2275 3543
2275 3543
2275 3543
2698 3543
2276 3543
2699 3543
2277 3543
2277 3543
2277 2701
2277 2701
2277 3545
2277 2702
2277 2702
2277 3547
2277 2703
2277 2703
2277 3549
2277 3549
2705 3549
2278 3549
2706 3549
2706 3549
2280 2706
2280 3550
2707 3550
2707 3550
2707 3550
2707 3550
2284 3550
2708 3550
2285 2708
2708 3551
2286 3551
2286 3551
2286 3551
2286 3551
2286 3551
2713 3551
2713 3551
2288 2713
2288 2713
2713 3553
2713 3553
2290 2713
2290 3554
2290 2714
2714 3555
2291 2714
2291 3556
2291 2715
2291 3557
2291 3557
2717 3557
2292 3557
2718 3557
2293 3557
2293 2719
2293 3558
2293 2720
2293 2720
2293 2720
2293 3561
2293 2721
2721 3562
2721 3562
2295 2721
2721 3563
2721 3563
2721 3563
2298 2721
2721 3564
2721 3564
2300 2721
2300 3565
2722 3565
2301 3565
2301 2723
2723 3566
2723 3566
2723 3566
2723 3566
2723 3566
2306 3566
2306 2724
2306 3567
2306 3567
2726 3567
2726 3567
2308 2726
2308 3568
2308 3568
2308 2728
2308 3569
2308 3569
2730 3569
2309 2730
2730 3570
