29 51
29 51
29 51
3 29
3 52
3 30
3 30
3 30
3 55
3 55
3 32
3 32
3 57
33 57
4 57
4 34
34 58
34 58
34 58
34 58
8 58
8 35
8 59
36 59
36 59
36 59
11 59
37 59
12 59
12 38
38 60
13 38
38 61
14 38
14 62
39 62
39 62
39 62
17 39
17 63
17 40
17 64
17 41
41 65
18 41
41 66
19 66
19 42
19 67
19 43
43 68
43 68
43 68
22 68
22 44
22 69
22 69
22 46
22 70
22 70
48 70
23 48
48 71
48 71
48 71
26 48
26 48
26 73
26 73
26 50
50 74
27 50
50 75
28 75
28 51
51 76
29 76
52 76
52 76
31 52
52 77
52 77
52 77
34 77
34 77
34 54
34 78
55 78
35 55
55 79
55 79
37 55
37 80
37 80
57 80
38 80
38 58
38 58
58 82
58 82
40 58
40 58
58 84
41 84
59 84
59 84
43 59
43 85
43 60
43 60
43 87
43 61
43 61
43 61
61 90
44 61
44 91
44 91
44 91
44 64
44 92
44 92
44 66
44 93
44 67
44 94
44 68
44 68
44 68
44 68
68 98
45 98
45 98
70 98
70 98
47 70
70 99
48 99
48 99
72 99
49 99
49 73
49 73
73 101
73 101
51 101
51 101
51 101
51 101
51 77
77 102
77 102
53 102
78 102
54 102
79 102
79 102
56 79
56 103
56 80
80 104
57 80
57 80
57 106
57 106
82 106
58 106
58 106
58 106
58 106
86 106
59 106
59 106
88 106
88 106
61 88
61 107
89 107
89 107
63 107
90 107
64 107
64 107
64 92
92 108
65 92
65 109
65 93
65 110
65 110
65 95
65 95
65 95
65 113
96 113
66 96
96 114
67 114
97 114
68 114
68 98
68 115
68 99
68 116
68 116
101 116
69 101
69 117
102 117
70 117
70 103
70 118
104 118
71 118
71 118
106 118
72 118
107 118
73 118
108 118
74 108
74 119
109 119
109 119
76 119
76 119
111 119
111 119
111 119
79 119
112 119
80 119
80 119
114 119
114 119
82 114
114 120
114 120
84 120
115 120
115 120
115 120
87 120
116 120
116 120
89 116
116 121
90 116
90 116
90 123
90 117
117 124
117 124
92 124
92 124
92 124
92 120
120 125
93 125
121 125
94 125
122 125
122 125
96 122
122 126
122 126
98 126
123 126
123 126
100 126
124 126
101 124
101 127
125 127
125 127
103 127
126 127
104 126
126 128
105 126
105 126
126 130
106 130
127 130
107 130
128 130
128 130
109 128
128 131
110 131
129 131
129 131
129 131
113 131
113 130
113 132
113 131
131 133
131 133
115 131
131 134
116 131
116 131
116 131
131 137
131 137
131 137
119 137
132 137
120 132
120 138
120 138
134 138
121 134
121 139
121 139
121 139
121 137
121 140
121 140
121 139
139 141
139 141
139 141
139 141
125 139
125 142
125 140
125 143
141 143
141 143
141 143
128 143
142 143
129 143
129 143
129 143
143 145
130 145
144 145
131 145
145 145
132 145
132 146
146 146
133 146
133 146
133 148
133 147
133 147
133 147
133 147
133 147
133 147
133 154
148 154
134 154
134 149
134 155
134 150
150 156
135 150
135 150
150 158
136 150
150 159
137 159
137 151
137 160
152 160
152 160
152 160
140 160
153 160
153 160
142 153
142 161
142 161
142 155
142 155
142 155
155 164
143 155
143 155
143 155
143 167
143 167
143 167
143 167
159 167
144 159
144 168
160 168
160 168
160 168
160 168
160 168
149 160
149 169
161 169
161 169
151 161
151 170
162 170
152 170
163 170
153 170
153 170
153 170
153 166
166 171
166 171
166 171
156 166
166 172
157 172
157 172
168 172
158 172
169 172
159 172
159 170
159 170
159 174
171 174
171 174
171 174
162 171
171 175
171 175
164 171
164 171
164 177
164 177
164 173
164 173
173 179
173 179
173 179
173 179
173 179
169 179
169 179
169 179
169 179
177 179
177 179
171 177
171 180
171 178
171 181
171 181
171 180
171 182
181 182
172 181
181 183
173 183
173 182
182 184
174 184
174 183
183 185
175 183
183 186
183 186
177 186
184 186
184 186
184 186
180 184
180 184
184 188
181 188
181 188
186 188
182 186
182 189
182 187
187 190
187 190
184 187
187 191
185 191
188 191
186 191
186 189
189 192
187 192
187 190
187 190
187 194
187 194
187 194
187 194
187 194
187 195
195 195
195 195
189 195
195 196
195 196
191 196
191 196
191 197
197 197
197 197
193 197
197 198
194 198
198 198
195 198
198 199
196 198
198 200
197 198
197 201
199 201
198 201
200 201
199 200
200 202
200 202
201 202
201 202
201 202
201 203
201 203
201 204
204 204
202 204
204 205
203 205
203 205
205 206
205 206
205 206
205 206
205 207
207 207
206 207
207 208
207 207
207 209
208 209
208 209
209 209
209 209
209 210
210 210
